1017196215,148.115.189.146,90,CA
1563979423,11.136.21.226,189,TX
1885329864,247.139.94.46,309,PA
1633773535,34.37.93.88,834,CT
800501018,22.0.127.154,989,NY
1739169137,70.219.124.139,471,FL
694759864,89.127.180.17,728,CT
685479569,68.213.161.54,673,CA
1853056678,39.39.209.41,913,TX
644982184,49.221.119.169,933,TX
2069324087,146.248.123.189,776,NY
930867493,243.188.179.190,248,VT
1116928930,185.201.28.174,74,FL
882212635,170.130.4.192,391,CT
735166407,54.74.155.66,455,NY
790754513,45.131.97.104,606,PA
1135784524,159.96.160.127,940,VT
1372783729,156.85.138.233,839,TX
1033569978,137.172.29.79,574,TX
906218068,176.172.82.22,74,NJ
1611499197,19.232.44.164,818,CT
775794414,212.223.213.55,68,NJ
1847555655,144.17.92.245,909,VT
1400181868,145.38.197.121,710,NY
2037402109,48.205.176.182,682,TX
1031250181,102.196.240.74,764,PA
936293684,68.176.77.153,794,NY
1562432096,32.130.188.83,278,PA
1827476710,172.35.224.115,883,TX
1939519327,42.42.42.122,471,NY
1747581877,38.14.250.231,708,CT
1771686589,61.152.15.129,149,VT
1841146023,145.108.191.71,698,VT
1374981535,173.204.103.63,278,PA
1110865771,3.75.151.168,966,CT
1241473884,14.239.174.98,726,CT
988233307,193.20.57.167,539,ME
1991875368,57.103.136.74,475,CA
1607195745,207.177.56.98,336,NY
728129558,147.24.163.73,862,NJ
713406075,88.62.249.169,48,ME
1167411635,5.25.34.238,942,CA
1887333234,212.251.143.43,504,VT
1316866683,9.86.108.22,455,FL
785117411,252.250.253.57,822,CT
732139192,177.76.50.6,319,TX
2059430556,132.40.246.45,3,NY
698713761,1.64.156.108,159,NY
1757850187,209.13.206.150,162,FL
1838744755,69.59.46.38,441,PA
2088908323,200.189.6.11,492,CA
1442216862,4.30.26.7,556,CT
1107184251,71.33.171.221,501,NJ
1274431151,249.124.110.216,76,CO
639027624,144.69.68.151,704,NY
1030020168,23.30.213.32,602,ME
1226635281,28.117.65.76,630,VT
1634858264,17.138.43.238,146,TX
1577689315,189.15.88.209,121,NJ
2047882718,205.17.5.55,423,TX
1976099273,160.58.192.231,566,VT
918089047,11.143.247.91,308,PA
2033476459,179.2.187.178,696,VT
1098494806,240.37.48.106,596,CA
638455517,202.239.231.0,821,FL
1179864947,76.73.90.14,732,NY
833776108,12.92.41.39,78,FL
973970846,202.249.218.254,975,CA
1425566022,26.54.170.248,520,CT
1612524398,64.25.105.25,697,NY
1547124770,241.201.62.144,788,VT
823754539,89.247.212.226,628,CO
1926550294,44.158.43.95,585,CO
915984245,46.78.6.172,328,ME
1275306268,126.15.52.40,560,FL
1717113789,163.117.224.104,25,CA
1008444727,33.131.136.163,172,TX
1553184985,82.48.175.120,188,PA
1781244302,110.240.69.64,536,ME
1433565015,173.93.1.224,442,CO
1150231817,36.69.142.173,336,NY
724451651,155.187.246.139,289,PA
1952999284,80.76.192.211,832,VT
1187626714,80.100.220.57,563,NY
1411752226,69.91.16.112,681,CT
781483419,51.176.201.154,569,ME
1832532214,59.103.2.81,970,CA
1374395618,72.151.242.251,63,VT
962534730,37.188.65.18,937,NY
1453147109,127.158.196.39,886,PA
1545656588,246.206.82.83,568,VT
1066398568,75.30.188.143,103,NY
922368175,160.44.67.57,84,VT
1969791028,201.160.82.10,535,FL
1068898918,253.131.63.205,858,ME
1804051211,140.114.227.191,968,CA
1017715519,212.66.19.19,126,CT
1206361094,167.144.97.121,671,NJ
1265629855,102.54.47.192,545,VT
1263057424,166.84.58.93,421,NJ
946581366,110.103.227.50,937,NY
669634438,47.12.190.243,132,PA
946913539,235.229.149.94,1,ME
1467270227,35.249.77.65,538,VT
665010105,17.41.233.103,556,ME
1528654770,216.144.222.152,795,PA
1529765009,200.122.219.3,70,NJ
1250034368,191.214.73.168,981,CO
1693137393,110.35.70.124,34,CO
1783022860,178.29.11.99,298,FL
1140675619,193.65.108.220,649,CA
1724367619,160.1.53.89,758,VT
1841673073,233.218.184.29,342,VT
1772274091,242.44.132.190,918,TX
1963897562,20.87.229.136,661,NY
1440745133,230.100.149.128,993,ME
1557880763,59.80.238.224,547,PA
639436980,126.170.44.30,477,TX
1977088102,213.99.105.66,334,PA
1963260110,60.218.85.88,919,VT
1346188929,163.229.24.86,304,PA
992690763,181.65.5.155,560,VT
726071117,61.36.124.216,209,CO
693747614,158.38.65.76,154,FL
1110731827,30.88.97.2,952,CO
946630586,70.188.237.133,242,NJ
855899120,66.196.194.53,948,VT
1386930795,188.202.3.219,586,NY
1921612941,70.169.173.96,379,TX
2091198580,242.104.88.110,429,CO
847751941,71.21.170.227,532,CT
974161871,11.37.205.185,289,PA
1650548187,237.58.245.36,186,VT
1224688448,32.30.128.118,754,NY
2054859425,114.237.109.43,937,CA
1910918409,181.230.151.179,545,NJ
1779040765,95.87.24.91,197,CO
885643089,86.123.123.193,160,CO
1936127990,203.27.203.233,532,ME
825827392,15.226.141.86,503,PA
777575298,188.67.143.196,675,TX
1531073898,21.93.91.33,923,CT
1004991816,227.129.209.194,665,NJ
1082109007,156.145.38.200,636,CO
1147030187,248.150.190.104,924,CT
685062745,205.120.129.81,86,NY
816796111,216.22.69.131,325,VT
980333372,252.237.246.164,709,PA
1927080230,89.81.170.121,994,FL
988010398,111.190.186.110,5,FL
1204127127,19.71.71.194,860,CO
1070993521,161.7.233.153,459,NY
1267323331,113.149.50.103,438,PA
2013955798,154.189.69.122,885,NJ
1800977173,197.237.66.225,72,CA
1163464257,53.24.121.107,78,ME
902126633,47.12.165.224,12,CT
2047411364,87.187.229.227,347,CA
1147059763,203.200.152.109,110,ME
1756520415,178.181.48.160,355,CA
2062315994,246.191.199.27,7,TX
832106585,248.108.110.150,281,CA
1508852421,189.104.230.81,232,NY
1626323062,120.203.86.208,319,ME
1699833631,88.52.250.86,566,VT
1733535569,107.126.239.9,291,NY
963223326,200.240.25.169,23,ME
1432211925,188.93.184.153,611,CA
1976570290,29.26.227.123,12,CT
1110080180,223.93.81.117,583,FL
1993124111,50.149.215.81,332,FL
693730996,244.104.205.117,659,VT
1872332889,65.63.99.96,575,TX
1615953863,20.126.240.236,722,VT
1879990281,136.175.224.153,473,TX
892920118,232.137.127.252,572,CA
1588867552,122.20.44.60,165,PA
1853616652,217.254.209.11,490,ME
1467600973,201.197.34.13,991,NY
1008963259,97.101.231.240,829,ME
2099765776,10.40.85.140,523,CA
634334864,116.219.153.187,320,ME
850570852,214.117.126.11,481,CA
980840999,186.129.189.245,268,NJ
756943666,223.88.42.245,78,TX
1161815943,155.162.183.20,58,VT
1693634212,204.239.116.165,597,CA
1754117610,214.231.233.61,453,NY
1954529307,13.193.23.2,299,VT
988437005,198.150.22.176,882,CT
1156626331,40.221.249.68,234,CT
1548858946,53.46.138.224,928,TX
871360228,112.91.92.206,300,CA
691530757,235.148.163.239,2,PA
1918359754,207.203.71.211,719,PA
1717316069,127.237.83.178,40,VT
1790085168,155.141.147.78,210,PA
1270247174,122.185.77.191,879,ME
1217954800,162.48.40.172,265,TX
1658219307,212.1.107.253,472,PA
1488573535,203.69.52.238,489,TX
715532814,226.18.100.200,807,NY
1732183059,100.171.111.106,915,ME
1106390076,221.37.154.124,306,CO
2039653973,73.190.40.54,138,TX
1289981327,14.214.137.208,686,ME
2031811613,144.211.205.219,668,NY
2102692868,122.177.18.110,124,ME
2034798931,204.13.249.246,376,NY
705167343,206.121.69.20,613,CO
682748514,133.95.5.175,858,TX
2016342336,204.193.83.160,818,CT
1206940822,188.96.144.217,212,CA
1111846864,60.18.183.6,927,VT
1746438167,253.207.112.136,644,NY
670358214,162.143.27.114,318,VT
1201635854,19.129.81.5,135,PA
1357400235,65.17.42.10,894,CT
1817711447,196.12.110.78,114,ME
1835693257,5.249.142.167,229,NY
680253132,73.212.208.241,125,ME
1477524931,172.93.153.226,753,CA
1503242177,34.129.244.19,556,CA
1731161356,12.254.142.94,621,TX
1933931861,204.184.165.127,614,ME
791935877,246.181.129.11,857,FL
1731798409,247.66.173.241,339,NJ
826566509,163.158.107.187,655,FL
1054571259,101.158.0.180,534,CO
2084430298,47.112.71.77,102,ME
1524275037,19.128.179.7,903,CA
774764264,57.177.65.94,612,VT
839805360,98.95.221.61,239,ME
2113111141,148.120.80.210,629,CO
1165980787,79.60.50.223,110,CT
2096256366,75.179.174.90,360,CT
1615864667,52.186.210.250,535,VT
1001161375,32.137.205.57,553,NJ
729006494,80.30.151.22,280,VT
782380643,235.132.112.1,882,PA
1575048242,3.19.217.158,789,NY
1235903370,18.39.178.61,298,CO
968403453,110.164.176.232,21,CO
1908304552,95.253.190.183,428,CA
1321405330,151.32.128.27,550,VT
1353723392,233.225.54.147,836,FL
1892290986,185.179.135.64,612,FL
1822975243,236.99.251.146,304,VT
2073080117,251.192.25.30,35,NJ
835936337,139.88.179.3,265,CA
1851892308,157.87.68.127,788,VT
2051769336,243.1.186.222,658,TX
1482120312,216.107.203.20,483,CT
1862118148,240.167.131.92,651,CO
1470081560,155.238.98.150,715,ME
1505767648,16.56.161.146,441,NY
1130950468,214.111.137.65,251,CO
1094013717,233.46.68.248,950,FL
1111096140,147.126.251.207,378,TX
998955097,235.22.206.106,619,CA
1427755566,217.74.16.157,402,NJ
983229898,200.51.173.241,921,CT
1014620598,217.241.143.226,563,NY
2087462480,136.208.242.153,91,FL
862692599,181.108.235.112,81,CT
1901045115,193.157.138.102,795,CO
1094022978,60.245.77.113,678,PA
868091407,110.132.114.200,555,CT
1385765409,68.70.195.248,259,CO
2087717955,51.9.197.139,594,CO
1716431740,137.30.213.144,318,TX
1916880092,238.241.187.238,89,CT
769684105,103.25.133.234,335,CT
1018312424,63.62.27.76,691,CA
1928296526,26.204.146.144,592,NY
738286005,3.243.226.237,654,NJ
1398550297,92.4.14.201,26,CO
1019769975,29.87.232.63,765,NY
737958831,243.110.28.116,657,CO
1018507224,96.66.82.219,625,VT
920329683,141.158.21.120,658,NY
759931232,228.245.228.161,923,CO
1063992345,116.217.231.91,853,TX
1944111175,22.117.216.194,165,TX
1397912749,166.247.84.245,849,TX
926037925,127.151.57.17,276,PA
680403206,162.75.215.170,344,NY
2045303943,41.73.57.100,527,CT
1861427286,87.133.23.106,218,CO
1776656000,42.145.153.90,466,ME
1609245679,150.212.193.217,753,PA
1478837704,20.236.39.79,73,PA
1800100065,146.62.195.17,108,FL
1809654158,81.18.120.77,513,VT
1810837348,214.239.231.217,160,CT
1496561720,131.87.143.149,233,FL
1031925889,252.148.131.232,518,VT
1698655147,185.17.198.177,826,CT
1108684013,192.32.219.203,638,CO
711065163,134.253.131.247,504,ME
1050154411,103.88.21.213,348,CT
818071491,137.71.147.145,898,FL
791038011,145.118.110.145,974,ME
1725368183,143.16.114.64,660,FL
1306794108,210.198.76.218,7,PA
893051415,155.197.128.217,183,CT
1440845859,108.88.29.25,612,CA
1564468286,76.60.10.52,696,CT
1423162812,80.175.239.85,51,CO
1795030330,146.10.71.168,901,VT
1369290678,2.226.49.117,166,FL
934853269,66.201.122.229,339,FL
1047292449,173.55.178.216,759,CT
1449600892,98.12.170.235,435,FL
1420502342,150.58.37.115,646,VT
2000166090,220.70.208.236,33,NY
1681146428,207.96.162.71,684,CT
1923646677,210.79.100.54,920,CA
772902887,131.67.20.250,933,FL
800047363,102.119.76.105,710,CA
1410553593,106.4.182.138,63,NJ
1752802115,39.79.141.13,224,VT
1169513725,224.82.55.7,815,NJ
1377668353,104.21.113.67,7,VT
1054535382,194.160.1.224,252,CT
1939023528,94.21.72.93,214,CO
644995021,64.18.156.246,42,TX
1337825671,29.145.52.152,739,TX
1885001800,124.34.65.2,498,ME
1258769283,119.95.31.25,284,NJ
638657256,237.217.203.46,953,FL
797900944,31.165.132.13,139,TX
2030282030,213.155.138.166,329,VT
1357718629,92.58.45.119,237,PA
1044014341,121.84.79.93,225,NY
866556122,90.66.163.152,72,NY
682188947,82.92.16.92,338,TX
707639379,183.65.8.189,863,FL
867081777,155.138.115.44,19,ME
1685410839,77.27.166.52,196,NY
1636319329,33.123.157.46,254,NY
1032564530,94.112.25.70,670,NY
1007375717,105.38.53.128,577,CO
898713333,55.50.194.157,117,ME
1265899755,54.112.55.5,603,NY
1700609427,133.125.216.123,117,CA
840636389,229.144.253.247,75,TX
1390922430,54.57.46.83,879,ME
1439270605,244.79.72.149,582,NJ
872401174,99.195.198.183,524,ME
976259380,175.218.210.177,963,CO
2003078742,187.227.122.48,613,PA
943222836,94.108.205.140,204,CA
717546739,49.119.116.55,30,CA
1444239196,22.167.50.211,531,TX
948243782,159.9.163.35,435,FL
774861339,102.144.111.176,838,VT
1678684728,130.31.96.137,272,NJ
1940559716,173.93.70.102,707,VT
1515958899,171.245.217.160,629,ME
2039477992,125.134.149.164,865,FL
1583510501,167.92.95.216,558,CT
1922365834,60.30.46.146,710,VT
1902317016,214.104.46.169,921,NJ
1313058598,52.128.95.99,840,TX
1886013147,220.201.36.0,693,TX
2075667440,90.124.186.86,644,NJ
982546797,71.57.119.33,311,ME
987343120,171.176.67.108,145,NY
700740031,226.113.191.207,467,CT
953814008,239.16.193.93,95,VT
933892718,127.146.207.12,59,NJ
1226478898,5.57.55.49,253,NJ
1097865203,183.134.144.2,90,VT
1310384479,203.199.163.147,422,VT
1921781975,42.30.22.0,920,PA
1265784149,127.19.82.122,156,FL
1925806082,164.166.134.50,755,CA
1171301659,79.99.110.177,300,VT
1291119207,204.91.175.8,853,NJ
1257920073,197.90.237.63,479,PA
1069738374,136.244.143.176,220,NJ
697054431,52.223.131.217,140,VT
1195718250,226.82.11.30,30,NY
1951076284,124.163.44.153,139,FL
1234734139,41.158.234.138,353,FL
1840903325,128.33.100.106,52,CA
1984913948,124.178.246.52,442,PA
1594575788,247.164.204.186,797,NJ
1782977397,251.68.146.52,961,NJ
2069712351,93.210.95.222,67,FL
2005724601,120.244.130.43,627,CT
787079387,129.241.184.127,623,TX
1611942703,235.229.229.61,795,VT
2049652406,170.167.188.215,952,ME
1826739946,13.44.161.144,231,FL
882280392,40.21.63.87,277,NY
2106738913,82.129.229.102,396,NJ
1254957867,227.227.132.2,451,CT
2008774980,198.240.181.167,494,NJ
2043982540,106.127.209.226,98,PA
688507928,135.29.220.11,362,PA
1529511727,92.209.92.192,180,VT
1617423273,45.249.190.187,407,CA
1123176966,62.61.191.162,790,CA
1250331372,195.250.53.165,559,NY
2112966352,240.205.245.68,657,PA
1078084155,3.220.209.137,708,CO
1601321046,71.142.194.145,45,CT
1335604422,241.29.149.106,680,ME
853820197,72.242.87.186,423,CT
1473078161,29.208.246.66,730,PA
2046168433,71.212.120.192,638,ME
1088860576,172.194.43.144,14,CA
1971777553,173.15.20.230,342,VT
1040301885,234.134.167.15,305,CT
1396851227,120.155.129.252,597,PA
724961571,27.130.21.246,508,VT
1402553189,44.97.7.95,751,NJ
1888330822,44.20.30.45,482,ME
1128914841,33.152.13.145,60,NY
1887943663,26.105.237.159,532,FL
2089713906,1.106.116.144,608,PA
2010966419,144.121.23.148,368,PA
993785915,61.236.190.214,967,CA
1469186470,248.77.252.97,378,TX
1373127491,198.13.64.237,305,NY
1822842024,62.231.159.202,968,FL
2025957530,229.94.34.246,812,PA
1041566087,75.61.183.82,696,CO
1360694090,11.18.48.10,859,NJ
694574943,116.60.182.247,981,CT
1973638012,40.30.151.86,906,NJ
864410689,201.144.175.77,83,TX
1364172929,176.119.172.21,917,VT
1532361072,1.41.204.131,995,NJ
1903266868,105.30.144.65,705,NY
1012599956,101.72.141.36,687,NJ
708378448,168.227.86.133,859,NJ
1617273121,177.119.116.49,813,NJ
1513332593,36.203.185.82,20,NY
1244187585,115.243.166.86,328,PA
1106051946,145.67.207.108,121,CO
918113470,251.19.99.169,472,TX
1513557837,90.171.222.35,987,CT
784004060,8.103.147.118,141,CA
1709307186,46.91.96.163,199,FL
1827911710,60.250.60.231,375,TX
1537880829,103.83.85.156,511,CT
1354015092,169.251.61.62,930,TX
828852257,62.125.52.90,936,CO
968599411,183.14.28.158,679,TX
1161119484,132.97.153.230,61,FL
1621200564,31.177.31.152,258,PA
1440742309,6.40.53.70,407,NJ
1343431635,105.130.162.203,167,ME
1723047401,34.110.239.107,592,CT
1848925972,238.47.106.234,373,CT
1635739174,98.26.227.209,50,TX
2079718003,148.62.89.36,613,PA
1553113989,252.215.131.248,485,VT
1177603699,69.121.30.113,292,CA
732992154,44.29.221.111,524,ME
1066660481,71.197.72.225,793,TX
825260934,236.223.210.0,875,ME
2061677823,199.226.105.244,729,CO
1921383589,118.172.213.85,946,VT
1777439292,108.221.126.97,970,CA
1710562691,87.188.61.138,110,CO
1492067718,133.122.226.84,192,PA
1154204864,64.232.124.153,52,VT
970777542,156.211.207.218,494,CO
1709181598,12.11.98.91,154,PA
1616372784,76.33.113.250,20,VT
1114104308,164.137.18.209,228,VT
1665646316,48.59.88.184,513,FL
1592528308,214.253.82.58,152,VT
1018497485,1.16.187.58,79,PA
1310015240,145.232.158.31,321,CO
1264582916,156.125.82.148,673,CT
1331971244,176.167.224.167,305,CT
868120484,4.132.225.46,571,CT
1595682437,98.117.90.119,740,NJ
652832088,57.129.159.236,277,VT
1073422592,38.125.187.222,362,CO
1220831211,148.120.182.241,650,CA
1761304752,5.10.249.219,435,CT
814056608,131.61.86.59,83,ME
1779584230,192.211.191.32,946,NY
882518906,66.208.236.10,254,TX
1420685746,235.162.178.165,264,CT
641242350,5.200.203.29,277,PA
1445652094,124.138.175.112,745,PA
1385496057,23.18.170.116,999,PA
771558127,70.93.48.24,241,CO
1079019711,251.192.74.163,753,TX
963134976,119.81.201.50,230,CT
847370477,239.180.36.26,737,FL
986375165,63.204.150.133,312,CO
1279122699,204.190.25.17,643,NY
792488490,119.138.54.11,975,FL
1623901782,220.224.160.190,532,CA
783467702,63.69.40.145,485,NJ
1842811858,221.188.96.117,91,VT
1652943038,93.178.242.129,898,ME
1330981114,235.32.157.16,286,ME
860257770,50.82.185.21,503,NJ
907327650,20.180.18.100,125,FL
1374749621,69.172.128.238,287,CO
1956106954,149.165.129.135,566,CA
1676505936,145.225.224.7,963,CA
1980226435,207.137.88.167,909,ME
1615895307,126.195.9.31,740,NJ
1275844592,232.180.148.9,563,ME
675702979,190.42.184.143,813,CA
687000167,158.118.153.76,372,PA
1128878423,162.5.125.48,205,CO
1829574479,121.140.84.226,418,CA
1688517129,239.152.23.185,355,VT
1276613086,212.189.195.5,712,CA
942500302,162.18.169.181,216,CO
1728228432,64.244.131.21,222,CA
1861783644,228.202.128.160,594,NY
856846399,63.154.157.170,159,CA
952516570,96.143.43.145,480,NY
1188142368,12.60.142.176,556,PA
1887543202,241.245.69.220,126,ME
1516640192,222.32.247.67,677,NY
1241014848,46.134.89.92,930,NJ
937384389,72.117.84.126,365,TX
858487012,117.78.202.199,538,TX
1072299706,218.27.64.237,806,CT
1084362475,247.45.220.16,762,VT
1266324783,229.178.250.19,629,CT
980460433,130.84.39.231,481,VT
1614380452,54.97.174.188,744,CA
925218225,79.51.89.109,800,PA
1207544895,83.103.48.161,692,NJ
1453226856,116.207.44.239,770,NY
1774178138,165.171.9.81,221,CO
848995006,29.125.4.80,480,CA
1771463285,73.151.80.205,587,VT
1006685536,123.148.19.230,858,NJ
1365876590,226.25.171.9,715,VT
1474504925,71.112.110.186,503,ME
882346628,230.97.248.94,771,NY
1589351224,183.247.113.215,325,NY
1722421952,94.202.86.134,970,TX
875557789,60.45.189.163,368,PA
2108122688,159.230.129.221,424,ME
1135242174,190.98.57.170,272,CA
919017256,62.254.194.237,555,CT
1511425180,218.15.183.220,710,FL
1930598714,112.101.127.245,444,TX
1826710687,111.164.13.30,275,CA
2096081926,176.55.46.156,368,PA
1624979673,246.177.179.202,657,ME
654371558,67.176.60.31,223,CO
1587032850,180.60.253.9,419,TX
1702846376,36.78.45.231,610,CT
1596964804,141.27.234.186,562,CA
774697223,158.155.222.140,652,VT
1794776361,2.18.136.175,597,CO
984998081,91.216.119.64,164,CT
1413224359,40.220.244.189,835,PA
932581517,35.165.174.4,11,FL
1471926880,243.122.169.129,612,CO
1291014826,4.44.191.147,458,VT
1915127726,87.135.183.203,25,NJ
1833351835,163.148.33.164,82,FL
786710128,141.94.36.251,715,PA
866670265,223.223.136.189,692,CT
1573229032,2.114.60.128,585,CO
2021808209,192.110.125.60,291,PA
718352230,175.23.235.32,93,CT
1005122266,216.250.240.71,160,CO
1455320171,161.77.170.113,856,ME
1935040935,44.193.92.194,20,NY
2073269095,4.135.217.133,399,NY
1704153162,97.220.215.34,614,ME
1810808889,8.10.247.1,931,TX
982094039,95.138.75.17,231,CO
1779022229,55.191.172.180,409,PA
1049477467,237.11.48.225,45,VT
908500734,51.250.194.223,990,TX
1057395521,144.176.82.54,233,VT
880779406,78.207.135.66,803,PA
1754201425,45.96.240.15,431,PA
1505615526,252.144.111.101,619,ME
1550621382,91.159.33.13,556,FL
1603998980,110.119.1.108,869,ME
1222219173,111.131.195.234,99,NJ
1611789477,217.217.49.114,673,VT
1084858029,210.240.40.89,644,FL
1629885114,5.103.228.62,487,ME
640415978,236.200.52.115,361,NJ
696433297,37.136.11.135,327,ME
701360683,70.202.248.1,460,NJ
1991411569,47.146.117.138,928,CO
2088716408,79.147.23.203,622,NY
1679241506,208.228.143.158,613,FL
819285795,8.124.160.229,322,CT
2038245476,16.97.95.108,956,ME
2044055441,111.210.113.96,848,CO
2104357194,124.141.236.208,566,TX
1039976379,191.214.59.205,204,FL
1193324547,197.34.250.84,724,ME
862320709,230.33.78.193,180,CT
1693336046,26.118.83.185,345,TX
1981832762,169.176.170.36,991,FL
637298962,217.192.201.141,83,TX
2048536749,132.122.161.169,836,VT
1137791061,211.79.139.124,35,NJ
1812445602,97.77.226.156,193,CO
1895567243,4.189.204.123,425,PA
1094811420,4.141.22.196,791,NY
2009303752,250.195.202.117,811,PA
1249137869,241.84.251.33,363,NY
1717285753,232.142.233.62,354,VT
1559074284,71.167.48.217,198,CT
670420214,6.139.145.147,786,PA
889747331,197.186.53.51,926,FL
1609374267,97.26.231.235,840,VT
909554440,81.234.151.250,131,PA
1491891075,168.79.251.180,9,CA
1632138276,45.197.186.107,307,FL
1360977123,20.104.223.70,868,VT
1875039399,149.214.70.164,242,CA
1402533556,18.59.79.14,19,TX
952193142,221.6.145.83,749,TX
1949314667,150.246.61.212,779,VT
1461316266,36.34.118.46,939,CO
1603362255,55.164.144.93,63,ME
1073924797,67.158.66.78,552,CA
758091406,31.35.162.162,559,NJ
1314738107,95.29.149.248,106,CT
1633924334,154.239.27.51,923,VT
1875621348,133.12.146.31,465,CO
1396878121,55.191.228.33,242,CA
2041084558,79.31.210.161,410,FL
696687906,230.144.91.158,966,VT
1394530816,196.197.166.72,49,ME
642460250,85.166.75.117,352,PA
816441437,149.209.233.108,550,CO
1520715679,113.61.205.212,331,ME
1032446298,55.161.242.240,631,FL
1764468278,202.105.201.15,821,CT
767812441,116.190.158.36,386,ME
1339874444,172.61.104.73,404,PA
888257084,218.43.126.239,879,CT
1334742838,144.122.121.58,361,CT
1174816270,169.103.53.70,228,PA
1045867126,218.38.211.159,752,CA
847802423,15.74.176.36,21,CT
1217509289,243.153.171.83,160,PA
1867044141,176.108.206.162,264,CA
1201935221,132.12.194.131,779,NJ
651517903,98.236.71.156,135,ME
2045042081,53.218.76.94,421,ME
1444771936,165.59.92.226,713,NJ
1495561125,78.22.47.87,604,NY
1058182216,193.223.219.25,673,VT
1999654364,18.146.216.22,621,VT
1044817499,122.48.158.125,432,CT
784498203,236.202.30.140,118,NJ
1920185315,47.36.235.163,457,PA
1830987035,210.217.214.196,852,TX
1390011301,36.126.105.132,160,TX
1448063136,114.37.11.113,535,NY
1647886686,239.222.200.42,437,ME
1526936764,166.42.31.244,206,NY
833532624,17.28.139.179,335,TX
1643154965,98.42.194.45,241,ME
1893501890,194.60.56.232,66,TX
866630918,221.198.144.6,894,FL
787510308,1.128.48.101,334,CT
1036026939,223.145.50.211,34,CO
1448200973,108.122.54.201,581,FL
1157062416,184.60.234.24,250,NY
1883412208,210.18.115.30,177,VT
1516137310,186.172.174.79,549,TX
928942777,198.87.2.69,368,NJ
1543205573,166.181.81.225,635,PA
686516825,50.175.168.71,663,CO
916675480,26.97.23.68,951,CT
1175426244,107.64.45.120,403,VT
656080520,157.132.87.136,51,VT
1093038557,222.60.15.91,905,CO
1685543821,122.147.102.162,681,FL
1558417598,61.41.6.245,721,CO
1056802286,194.95.209.83,445,NJ
1945858076,174.181.61.6,343,CO
1738657543,134.114.9.105,256,CA
1611115501,174.150.129.67,909,ME
1435297804,91.190.86.27,660,CO
1939476784,18.119.2.155,325,VT
845300014,176.16.124.75,841,ME
1260683530,56.223.161.192,910,VT
1224248731,59.71.11.232,520,VT
1993002314,198.240.189.213,599,NJ
1396364570,60.240.84.137,123,NY
1495407772,42.181.82.234,692,CA
659147894,133.242.252.230,752,CA
1799901422,153.175.57.109,961,ME
788826801,151.66.126.137,397,NJ
854367920,78.35.174.14,266,ME
653688490,48.23.56.177,86,VT
691266309,21.14.15.59,379,PA
678406170,102.66.81.175,725,PA
640206773,99.15.36.150,24,NJ
921596947,153.223.160.6,652,NY
863174182,98.181.101.141,349,TX
1657272194,117.28.129.164,36,CA
763362251,49.82.130.227,316,TX
859445214,117.96.39.204,317,TX
2030460563,172.211.105.238,810,TX
654010539,114.46.184.186,419,TX
792345039,203.196.68.217,810,NJ
1854276341,82.145.3.119,482,PA
767008986,66.160.53.22,267,CO
1022510137,241.71.161.228,748,CT
2090077321,155.207.146.128,293,FL
1991240315,137.207.93.46,223,NY
1851012916,89.13.57.171,813,ME
1268944100,245.6.246.235,61,TX
1933918508,141.11.54.195,627,CA
922939530,245.182.138.196,496,CA
1616342491,222.18.180.33,978,FL
1823349591,106.199.245.45,497,NJ
1768741082,219.25.170.174,558,FL
1462569774,60.251.189.163,314,CT
1013027400,90.166.133.137,98,ME
1255875316,26.150.172.27,172,NJ
1076313372,49.242.95.80,44,TX
1431144818,221.78.19.14,964,VT
859262101,4.223.253.136,819,NJ
1350317286,56.108.166.15,981,NY
1761624224,25.71.224.39,599,TX
1510592506,118.95.190.214,18,FL
1627043100,2.43.244.165,371,VT
1104356851,138.51.101.120,283,PA
726081085,249.220.173.249,181,NY
1476547377,17.190.136.73,43,ME
732805628,234.41.101.94,698,PA
1987195478,121.3.49.176,441,ME
1902578282,19.131.183.102,228,CO
706047021,29.123.60.194,500,NJ
2048205595,64.139.190.48,31,CT
1051018448,51.188.153.20,922,FL
1090773633,235.209.37.231,715,ME
1570368525,33.147.250.217,517,TX
1446399036,120.105.3.183,860,FL
1914822071,93.87.208.1,74,CT
1071741113,81.83.246.166,652,NY
2008059615,92.238.53.1,767,VT
1931061716,114.86.15.95,771,FL
1637943432,154.10.136.100,541,TX
1251930906,184.217.86.208,761,ME
1181812712,232.158.31.233,799,CO
1294081421,151.44.27.183,762,CO
1757519901,91.178.64.126,360,ME
900920952,78.119.77.159,218,NY
648386283,227.101.40.95,170,PA
1696805494,233.111.83.236,62,NJ
1923257099,95.151.85.164,660,FL
1261987716,252.100.87.208,919,TX
726169549,248.137.232.145,157,NY
1147596774,16.51.120.31,414,CA
1805688080,131.219.190.111,290,NY
1109216655,99.112.253.19,790,ME
2107475457,19.244.84.209,235,FL
1154297760,151.158.10.59,899,NY
1843566576,4.189.229.27,461,CA
837342785,115.28.249.105,535,CT
1521748380,227.162.164.150,370,PA
2099638673,172.112.158.123,160,TX
1414911513,109.90.229.55,562,CA
766067355,220.117.231.64,950,ME
957499738,228.20.121.16,581,CO
923190878,118.61.35.185,901,PA
912796824,138.36.64.2,914,CA
835383087,46.29.91.226,675,CT
912611257,220.175.113.206,323,FL
632311029,133.225.74.94,47,NY
1303037061,7.60.29.191,519,VT
1570885157,16.129.172.66,361,NY
824010599,8.73.72.250,635,CA
1451137825,75.122.171.179,595,TX
1964917459,197.221.41.70,632,FL
1463909327,46.141.207.187,438,CO
1852724697,141.139.62.249,538,NY
1656026840,249.194.49.28,834,TX
2017804742,250.105.38.164,345,PA
2009265954,190.237.163.16,251,NJ
1291830137,76.147.49.143,486,FL
1091437974,151.103.147.0,267,NJ
1898110488,155.0.109.114,294,ME
814627404,114.21.143.195,989,ME
2008726171,6.82.63.74,534,PA
1310532487,137.215.252.130,894,CO
1215442494,65.140.186.132,235,PA
1725305042,213.127.183.61,837,NJ
933756433,231.176.240.6,968,FL
886988956,12.162.23.220,744,VT
907914588,72.60.197.7,564,TX
812770980,89.32.192.218,169,VT
1302046786,13.67.1.52,974,PA
1324791562,172.211.206.205,384,PA
1790409438,63.2.210.89,32,TX
1999595057,152.102.122.121,599,FL
1286108770,114.128.194.230,510,CT
1285168495,214.86.142.78,281,NJ
1751277767,76.84.177.55,361,TX
1566925737,121.23.153.205,787,PA
809932534,159.209.23.103,437,PA
681050383,27.25.131.193,459,PA
1710982505,67.204.75.14,552,ME
1409858654,43.68.107.197,973,ME
1683834361,18.153.222.109,704,TX
1050892281,135.219.144.215,529,CT
1016452873,10.239.237.235,935,PA
1442611353,161.31.51.178,296,NJ
1527956911,173.120.211.214,974,TX
906702115,86.231.26.170,544,NY
1190934054,0.160.193.11,869,FL
1714209035,23.83.63.99,941,TX
2046900498,108.105.189.240,988,CO
1474062508,192.106.231.15,423,NY
1465482147,5.7.129.24,522,NJ
2052427415,155.113.127.12,53,FL
1464480163,194.221.214.42,596,VT
698477212,229.53.11.29,673,NJ
1459858966,107.21.151.0,420,VT
1738109214,219.105.165.172,890,PA
1033918445,18.119.49.136,991,PA
1128457138,13.103.121.36,724,VT
1286833075,108.70.15.128,950,VT
1606487182,145.251.254.166,104,NJ
997515015,160.71.129.148,182,CA
849387094,139.40.69.203,420,VT
1079204985,118.48.145.82,326,PA
1386184940,145.124.246.79,56,CO
1919044277,57.220.128.235,471,ME
977071345,168.71.22.3,288,ME
713267991,248.15.114.186,816,PA
1238761272,17.99.208.112,214,CA
977103488,86.139.141.90,955,CT
2043751700,161.108.253.170,957,ME
839081133,154.36.216.105,507,CO
1187129448,30.37.247.71,136,CO
1866609915,77.154.228.134,843,CT
1368248514,172.19.29.105,180,PA
763310554,150.184.48.169,502,PA
1093294348,71.126.78.141,467,NY
830837900,141.243.145.123,151,ME
1942455340,103.108.15.114,894,CT
1764724349,65.115.195.157,338,CO
693217043,216.251.72.163,131,ME
755794703,156.69.108.206,206,CO
1231745790,158.218.76.76,195,FL
1197141894,227.197.201.132,466,ME
657659289,164.4.0.60,168,CA
1199080660,115.91.100.178,257,FL
951923894,144.89.132.105,3,VT
1189851516,143.106.235.92,699,FL
1161582278,246.122.14.176,174,ME
1999503621,88.180.134.21,785,CO
1378072257,27.248.28.230,391,CA
1018333597,76.168.178.90,373,PA
1727178925,90.7.157.191,365,PA
890741336,178.103.120.97,398,NY
1827207697,248.209.75.184,240,NJ
1923725413,84.88.247.104,740,ME
946358292,137.228.78.245,319,CA
933709798,75.229.85.85,922,VT
877395886,49.252.151.214,559,CT
939191194,48.133.176.179,626,PA
1070316020,224.99.225.31,981,CT
1625944359,156.231.47.220,115,TX
1879523799,215.175.7.235,79,CO
637825145,126.66.24.2,792,NY
1163989712,198.6.180.106,276,CO
1440858336,110.119.251.238,482,TX
1959901546,122.62.169.221,202,CO
1182964307,157.26.21.249,565,PA
2003703527,230.146.67.28,585,CA
2079523780,126.48.238.135,851,CT
1494040735,52.229.108.62,549,CA
1594459744,206.7.130.45,146,VT
1092208386,246.12.227.230,833,FL
683046067,155.100.137.20,998,NJ
1898450666,240.51.191.201,663,ME
1508164904,203.228.3.175,660,VT
1582820706,161.217.52.1,987,CT
2002903691,217.155.90.28,876,VT
993395315,38.144.97.46,252,FL
1608640684,191.129.254.117,408,CT
1867669120,191.201.10.32,885,ME
1044035108,92.35.75.151,508,NJ
1020925012,102.180.53.60,631,CA
730014870,132.20.111.46,976,CT
1656591171,183.20.117.245,197,CO
1382144078,117.213.18.34,997,FL
2071186059,241.16.69.158,200,CT
892230519,240.13.202.227,750,TX
1135926804,143.86.20.35,736,VT
1114558361,46.75.253.158,924,CA
2105128764,153.185.229.188,152,CT
1941779858,8.134.154.142,3,CA
1556766251,125.23.169.102,852,PA
931258132,206.158.52.98,479,CO
635502092,21.177.166.145,731,NJ
1823775154,123.28.115.176,689,CO
1135103404,156.198.24.235,888,NY
1022865891,94.180.220.223,906,FL
1084395141,215.141.134.66,13,NY
1311050298,205.239.92.129,356,FL
938842166,56.64.31.34,383,ME
1245643137,81.64.16.232,190,VT
1529248873,88.88.157.231,469,VT
1122561828,18.83.120.197,643,ME
723177918,50.25.156.87,613,TX
1927692547,35.67.72.150,576,FL
1490717547,125.96.198.3,197,CT
1129238291,178.177.64.18,266,CT
1758076828,11.227.16.249,226,CA
1994355959,126.234.226.82,127,CT
1467476844,166.210.94.60,84,CA
1803087087,72.78.159.20,489,FL
1903721566,169.20.118.251,899,FL
1602286821,52.222.48.15,138,FL
1042719313,147.91.69.154,335,CA
1994883329,106.17.104.21,516,ME
797196597,180.140.164.198,580,TX
1718521274,127.120.198.22,705,PA
1851931683,5.26.159.169,236,NJ
888838215,53.204.150.178,759,PA
866679699,77.194.7.88,370,CO
1142997230,95.211.175.2,27,CA
1885281402,90.43.245.205,576,FL
1741708323,163.73.73.184,907,PA
656708417,162.137.101.44,239,NY
1046425460,185.230.185.35,240,CA
999013413,49.95.192.102,616,NJ
1235833922,33.189.237.159,388,NJ
880195041,194.218.245.194,567,TX
1955740203,206.35.127.191,976,NY
1800947644,114.63.19.1,377,NY
876151101,110.149.130.67,748,PA
1371558885,12.77.72.217,877,CT
1815846565,245.91.149.134,861,TX
1559296615,183.28.193.232,923,ME
1218093170,155.69.196.237,294,TX
2047677808,220.113.59.29,717,CT
1511269676,207.188.113.189,467,NJ
1474142512,8.19.11.123,672,TX
1496642249,192.145.130.221,411,PA
1251823069,10.96.30.50,986,NJ
1017753803,177.71.187.145,818,NJ
1397124361,220.248.35.108,511,VT
652214699,205.218.75.92,756,CO
924832092,127.220.55.138,88,FL
2047972151,198.152.52.68,777,NY
1963658890,231.97.133.219,936,CO
1515652899,45.136.80.47,228,NJ
764829674,38.207.95.252,279,ME
759932997,158.43.166.141,874,CA
896399098,172.15.45.32,775,PA
635936503,148.35.186.123,191,FL
1579058066,99.175.174.203,233,CA
1708558691,226.125.99.199,768,PA
634885724,17.59.63.107,645,VT
848772306,103.54.37.138,3,TX
982424898,243.168.232.172,946,CA
1368560725,3.55.155.102,391,CO
999856442,85.75.132.134,77,TX
1339293611,75.44.253.250,523,CT
941361710,197.156.197.177,977,ME
1613898815,200.208.69.127,502,PA
1589206230,71.47.245.1,24,TX
1511207588,155.165.154.13,643,VT
1068431233,124.245.40.228,931,CA
1693679551,159.9.3.165,378,NY
1815032975,232.35.158.29,867,VT
1564088055,222.197.130.21,595,TX
700158316,138.247.69.249,766,CO
1923928602,219.108.114.223,532,CA
919456470,107.235.45.12,188,CT
821014341,247.218.181.44,38,ME
1380447676,243.69.248.211,875,CO
1997250487,251.49.148.216,950,NJ
1912171431,222.62.78.66,658,FL
1516223812,161.139.121.254,125,NJ
653927001,114.89.242.161,539,NY
1392057867,240.191.139.63,954,CO
1957187222,15.111.116.245,459,PA
1257697860,175.49.28.84,566,TX
985332303,200.222.206.254,681,ME
1153441850,0.94.83.79,254,CT
2052996610,94.207.231.201,373,FL
1145882315,20.165.5.86,432,TX
1648889456,253.188.249.145,349,CT
1564447853,177.89.128.164,108,NJ
1678793075,249.230.0.212,387,VT
1051426341,173.7.216.94,183,CT
1332654982,77.139.65.93,987,VT
1101610102,36.103.8.186,692,ME
1508935588,50.218.6.179,137,NJ
2097862212,84.75.176.70,3,TX
1874406826,156.229.4.152,347,CT
894719602,48.76.119.163,375,FL
817547864,188.112.254.14,286,FL
1392563982,29.221.119.120,589,CT
1438762399,173.54.137.80,234,CA
1416392260,157.163.172.7,80,NJ
1489859185,135.133.125.134,947,CO
762030895,243.92.120.188,441,FL
825717924,190.80.102.76,837,NJ
1466295435,96.97.7.177,62,PA
1094610594,128.203.79.118,952,VT
1314910917,36.5.195.216,171,VT
760752965,232.220.60.124,692,NJ
1231162068,176.232.23.161,755,CA
1399306501,254.124.61.208,713,PA
1686075392,162.204.210.14,187,NY
2039534341,200.212.248.177,655,PA
1168980856,18.236.38.179,8,VT
1687732131,40.194.196.12,168,FL
988489812,84.37.220.233,132,CO
1229854026,222.210.196.184,564,NY
1377193181,143.90.185.5,624,ME
750546006,135.158.209.40,73,ME
1280858895,51.90.165.189,619,CT
1506661719,13.98.146.176,832,FL
1913572734,57.199.88.98,134,FL
1740376903,145.233.121.117,579,ME
698525574,181.159.100.177,367,PA
1350025541,59.50.73.129,818,CO
1234641683,187.98.188.117,559,VT
1534498886,248.162.108.229,965,CO
906233224,37.183.89.246,478,VT
915441173,120.108.42.175,739,CA
1123116540,60.25.40.249,460,NJ
790279932,173.17.221.16,573,CT
987890440,239.151.118.148,351,ME
1948229103,21.229.34.210,914,CA
1014108054,175.52.140.184,112,FL
1584858672,134.234.29.245,219,NY
802468569,235.138.104.127,533,CA
2051684716,88.108.228.159,734,CA
1743900821,99.238.60.122,507,TX
1551840973,158.11.111.174,541,FL
1548197903,27.93.90.147,50,CT
1540169699,133.40.109.175,826,CT
863574519,31.151.144.202,703,ME
719513525,85.132.193.129,56,CT
1101257453,176.106.170.42,835,CT
1668175137,16.98.83.70,553,NY
818413421,136.41.224.181,202,PA
1406113218,200.169.92.220,102,PA
1709263125,161.15.61.253,482,CA
1759936433,75.200.208.181,935,NJ
1667935318,240.223.219.121,499,NY
905773999,115.207.56.104,911,ME
1160707469,164.224.227.212,878,CT
1316221193,77.250.175.77,702,FL
1955176822,45.115.167.147,112,ME
877587143,159.16.48.44,75,CO
1332149104,210.211.182.146,622,NJ
1002515332,44.3.34.132,755,CT
914239628,103.185.94.168,916,TX
1399593646,143.17.29.157,771,NY
1359569124,97.251.100.50,271,NY
1114351457,211.120.13.202,240,CO
2040026603,129.187.22.44,826,NJ
1834927119,41.203.84.170,71,CO
1586631496,90.191.87.160,427,VT
900934876,135.211.68.162,582,PA
1906354100,47.119.74.159,129,CA
1676714411,73.13.233.120,821,CO
1803763474,124.44.172.61,682,CO
1674236764,48.11.98.151,702,PA
1007166345,91.170.26.210,589,ME
1342363185,88.183.140.199,658,CO
1543233727,0.179.102.219,479,VT
1850523247,215.217.226.198,186,NY
2091133978,223.161.85.130,950,CT
1077133504,251.105.254.108,888,ME
1409515888,3.42.100.217,232,CA
1958693880,39.220.87.203,360,ME
1778531746,185.240.130.131,926,CO
960667213,146.198.66.108,679,NJ
919311034,169.179.217.248,77,NJ
1731821740,8.183.166.231,928,NY
1448213337,251.121.63.97,568,ME
1905394552,98.1.91.61,680,PA
1039543130,188.247.174.150,988,FL
1582687105,131.35.92.135,70,TX
792005566,106.28.228.131,95,FL
1315251010,223.52.215.167,560,ME
928331873,219.213.56.131,296,CO
1793823945,119.101.60.133,535,ME
1005001741,23.111.218.13,811,ME
1303948270,106.168.208.248,602,TX
1890785856,195.220.199.235,490,NJ
1481431036,92.15.55.36,164,CT
1615453513,36.145.193.119,179,NY
706748320,236.37.15.213,223,NJ
816500544,187.216.181.121,977,NY
875712811,100.35.37.167,729,PA
776465193,122.28.33.184,676,PA
1587946563,9.21.84.170,499,VT
1241924811,72.197.222.55,670,NY
1434795648,205.92.136.79,795,VT
677534642,110.33.132.130,569,NY
1592877078,136.5.115.195,314,NY
836360829,72.10.194.213,63,NJ
2076664128,230.115.247.7,292,CO
1408234995,74.202.152.50,920,VT
1275174083,253.187.32.153,136,TX
1514420929,127.179.131.132,569,CT
1632184027,202.227.70.128,785,FL
1613930683,175.206.168.200,189,NJ
763799770,94.246.231.19,927,CO
1785986717,160.51.20.95,928,NY
951130917,206.227.159.8,114,TX
1400138163,64.185.118.242,931,PA
1753062776,124.209.216.100,843,CT
1841045689,213.155.116.126,336,CO
658293415,10.42.50.147,850,NY
1997392332,209.45.196.175,718,FL
690793105,98.192.110.64,82,CO
1607229052,125.67.239.203,404,ME
729883534,222.92.33.241,348,CO
1407533465,191.221.216.184,845,NJ
2018909711,208.78.211.20,489,CT
1478088280,43.166.100.106,650,TX
1332655125,95.155.113.24,279,PA
966060686,34.127.230.220,608,TX
1300301215,220.118.4.217,588,CA
1878068761,83.91.103.135,801,ME
1173033463,175.102.150.3,35,NJ
956691814,221.125.39.231,933,CO
1790718755,29.245.68.190,567,NY
1856460413,85.189.225.159,529,NY
1649049840,181.22.164.58,982,FL
1810892050,75.39.78.196,509,NY
1524699101,148.133.24.130,274,ME
1308325405,209.152.176.128,597,NJ
2109132108,36.50.13.16,442,TX
1830377966,115.35.108.204,738,CA
1037362238,27.7.28.110,696,TX
1213795575,100.64.252.254,786,TX
1851796907,99.205.145.193,778,CO
1407695320,50.101.67.131,620,ME
752259766,73.13.151.49,301,TX
889191255,216.110.9.36,538,ME
873395385,72.77.109.200,387,NJ
833978947,157.70.36.85,236,CT
744507826,35.41.225.63,466,CA
1041394975,66.50.90.26,719,PA
1066574246,55.86.120.180,246,FL
1665092409,78.116.45.67,224,NY
664459489,94.100.162.106,128,CT
1419826387,135.232.175.202,76,FL
1347836943,77.222.133.214,779,ME
1778766661,26.75.2.210,42,PA
1186352136,198.187.150.235,561,NJ
1793926960,82.79.47.177,575,FL
1640606547,13.240.202.174,265,VT
1485291710,227.196.124.7,748,ME
1073227455,239.52.164.175,148,NY
881911757,128.123.90.56,340,PA
1842378830,26.102.216.112,211,NY
1937281159,112.137.48.245,737,TX
1641554125,72.95.154.183,118,FL
1424890473,78.152.215.212,288,CT
633994771,83.237.199.147,249,ME
1065980043,228.227.239.73,624,CO
1341403637,51.204.104.51,862,CA
1389648940,146.31.136.98,815,NJ
918931239,55.133.66.187,921,NJ
705759154,99.109.48.85,854,ME
1184446993,183.144.98.202,121,TX
640236985,214.159.42.254,676,NY
669608902,116.53.207.86,689,NJ
1157548848,100.123.134.245,44,CO
1444132148,184.73.22.101,281,FL
976171529,171.174.86.25,61,VT
1247333102,52.53.103.66,363,VT
728897923,234.171.21.19,206,CA
1195569551,238.188.21.210,657,CT
680433800,227.138.80.156,376,NY
1185126734,103.21.165.147,394,NY
1680214797,129.218.13.240,368,PA
1542539787,208.176.246.74,426,ME
2094244180,68.98.234.135,874,NJ
1514825290,224.19.202.28,928,NY
1162153154,23.111.60.233,650,CT
662300920,47.250.192.126,259,CT
759440432,42.80.240.213,325,ME
2078631101,122.174.135.253,230,FL
1752876426,5.221.200.62,793,FL
1952674281,62.144.37.58,393,ME
2040311790,70.137.114.87,122,NY
2100493615,234.0.51.136,682,VT
1213165675,55.158.47.19,497,ME
1679035186,215.116.125.49,64,NJ
793850583,58.243.56.88,44,PA
1534332717,83.70.190.173,915,FL
759668141,160.76.244.59,37,CO
1786975196,149.92.70.62,536,PA
1497298106,92.60.219.178,858,FL
663236586,51.253.66.177,694,CO
1087236105,128.167.200.39,615,PA
1541039531,45.199.58.120,17,VT
1961100735,215.7.177.118,449,VT
682527630,34.117.213.235,192,CO
1733938577,198.171.19.124,473,PA
804735723,247.61.77.8,688,ME
2002922433,239.145.170.0,306,TX
1617939280,114.142.98.136,946,CT
852734339,106.41.98.101,773,ME
1662009579,204.19.230.214,546,ME
638015745,152.21.28.75,195,VT
700372007,13.213.67.177,125,CA
1673462345,125.246.74.143,570,CO
855116892,191.56.182.21,322,CT
1058391910,36.199.100.25,780,PA
1149205406,90.138.19.132,667,PA
873159020,120.181.136.0,716,TX
1645474157,247.96.204.233,837,CA
707604725,250.244.200.195,871,CA
974472343,196.202.125.83,279,CA
704642583,14.248.167.100,864,VT
1668427301,93.106.124.169,355,TX
668065143,96.233.216.92,160,PA
900056131,4.133.108.45,474,FL
799236283,174.194.112.214,479,NY
1141002668,60.150.36.59,35,NJ
2083701298,242.151.42.179,496,ME
1002399206,94.149.203.167,86,ME
1165774932,114.174.76.227,839,ME
871831574,4.114.104.168,455,TX
1251274239,17.136.202.93,917,VT
898549218,86.131.7.137,575,NJ
676426723,104.204.18.100,368,VT
1002827931,20.3.236.214,749,FL
1728708204,11.192.247.87,537,FL
661892327,45.141.217.108,515,CA
1245515733,25.66.61.242,104,CA
891747761,73.225.2.22,728,CA
1847941457,110.83.31.147,593,CT
1755722143,21.241.38.229,423,NY
1927303718,29.215.25.46,840,FL
1079667923,171.179.80.86,402,PA
1493843406,228.42.85.238,878,FL
1654583583,111.10.251.106,535,CT
833317597,6.99.217.64,401,NY
1285403007,131.70.118.66,719,CT
1736486700,72.30.123.87,455,CT
1098428477,2.240.156.195,376,FL
1399694182,33.132.19.209,966,FL
1872390086,58.254.183.103,869,TX
949420054,63.230.208.212,947,CA
1618088577,150.52.145.157,810,CA
2063630830,115.223.134.134,734,CT
931552811,31.193.84.248,132,PA
1315873092,162.4.197.131,912,ME
1829106863,245.66.155.138,107,CA
2041735424,99.181.14.105,13,ME
1736032501,225.88.173.104,82,TX
658945639,84.229.227.23,83,PA
1319153351,59.145.159.215,689,FL
1593105481,74.42.156.114,711,TX
802041172,44.42.83.24,177,ME
1031694762,145.16.56.241,536,PA
1620331292,183.140.231.172,817,CA
1061150133,204.246.49.145,42,PA
1885591363,176.254.77.155,406,ME
1676405543,66.74.167.93,614,NY
1033466084,25.229.153.63,132,VT
1984362374,87.182.24.99,54,ME
1186804291,0.66.239.57,834,TX
877783558,225.79.84.70,19,CT
1838666341,165.84.31.31,653,NY
1986911739,52.177.213.98,154,ME
843980688,186.43.222.31,108,NY
1613730867,50.195.12.213,427,PA
1534464630,182.243.143.121,954,NY
1092678775,84.67.204.111,595,CT
642572992,39.188.0.112,524,VT
2081126058,58.187.10.4,101,CA
1049645525,146.30.113.175,828,PA
1323398080,208.55.124.238,514,TX
887251493,121.241.249.121,886,FL
1683096067,173.150.184.250,208,CT
1743876932,122.80.96.183,835,PA
1279936530,6.22.205.178,800,ME
1605010187,177.206.209.60,805,VT
878821916,245.69.241.36,767,ME
735928373,240.2.125.9,300,VT
1167352512,118.202.253.176,263,NJ
1661222456,119.47.2.66,123,ME
2078714994,238.58.246.243,928,NJ
863863162,75.96.215.243,487,ME
1436156360,221.238.243.165,604,CO
1230964702,136.174.218.225,147,NY
1020074446,48.205.164.64,440,NJ
1980554549,194.101.168.118,348,FL
1888803546,4.247.36.126,753,PA
1663387349,71.130.19.14,67,FL
1021449914,227.212.46.84,442,VT
1303208668,167.180.33.33,976,TX
776619511,160.186.40.242,825,NY
704209510,224.102.25.209,70,PA
987771367,97.69.224.76,940,TX
1773067973,26.181.226.105,754,CA
1242517615,222.229.183.130,33,CO
893227836,220.133.214.219,80,NJ
944554135,98.242.197.81,127,TX
1585365101,121.47.175.10,149,TX
1841518670,232.225.224.23,879,CO
2073907279,132.251.245.59,159,FL
884421816,162.150.30.159,399,CT
1985124683,162.245.111.173,24,NJ
922882047,115.37.2.77,1,VT
658800891,19.13.65.110,637,CO
1858369048,92.141.238.207,807,CT
1655540912,170.87.124.53,635,CO
635367348,16.30.173.248,996,CA
1518567109,141.10.7.152,236,NJ
1947504972,112.85.90.144,810,NJ
1250041370,69.82.27.176,567,CT
925844636,50.81.105.129,56,VT
1115410150,31.23.60.209,284,FL
1374575123,77.87.75.57,17,NJ
881221363,150.217.122.134,723,CA
1192717589,125.251.209.32,215,VT
1207355722,245.181.55.187,983,PA
1174009736,73.70.169.55,811,PA
1557763863,149.17.195.20,639,CO
1191755189,108.51.128.86,655,NJ
971660823,217.87.58.29,335,CO
1309970099,254.142.102.114,166,NJ
1786195875,179.143.175.212,95,PA
1980991675,41.227.18.38,966,NY
1619370800,115.39.198.188,264,VT
929374021,191.109.161.60,593,NY
1643834429,64.40.22.112,227,TX
991864150,168.186.61.3,714,TX
1209650169,34.0.104.253,689,ME
1325819074,113.241.51.244,549,NY
1896146239,151.72.79.66,17,CO
2064172021,58.176.100.77,452,PA
1964651881,177.142.55.89,853,FL
1297483181,117.151.246.74,938,FL
1764364418,143.23.23.248,355,ME
888746092,68.12.33.141,338,VT
1670950645,124.17.166.96,975,NY
1146761192,155.46.21.174,476,TX
2098904117,2.178.124.100,247,ME
787349356,64.17.94.61,830,ME
1598269786,234.150.78.127,336,FL
998052187,114.254.98.166,683,NJ
934305465,12.48.250.9,704,VT
1370047005,254.214.45.222,76,FL
1907466330,158.7.137.16,769,ME
815528728,226.119.165.177,365,NY
1171589282,221.10.71.183,784,CA
1464761572,109.62.175.141,488,VT
1396510349,10.201.123.29,142,TX
1008658567,236.238.38.202,718,CT
1791602630,136.132.202.126,371,CA
1469074942,131.73.133.84,116,CA
1484700935,148.191.57.52,58,VT
1801942026,104.69.249.76,748,NY
1579454176,59.180.15.104,28,TX
1490483883,61.162.144.46,651,NY
819938905,195.69.123.184,880,VT
1007207203,112.241.61.101,757,CT
1553725199,94.214.0.156,37,NJ
1179962512,4.58.68.21,61,VT
1575482642,44.150.115.88,923,CA
1724492712,101.142.218.16,287,TX
1528019128,145.104.31.41,981,ME
992707342,86.192.226.196,158,CO
815926473,1.54.82.159,268,CT
1393955392,183.208.36.201,503,FL
1600459536,245.109.232.194,350,CT
641872656,94.158.162.176,502,NY
1623367292,254.172.156.228,998,FL
2070987224,58.97.46.95,651,NJ
1904295510,62.98.156.71,313,CT
914500803,226.79.172.89,964,CO
1495992241,220.167.20.185,260,CT
1520430297,182.63.193.142,745,TX
1629232645,134.124.155.85,385,PA
1476784722,207.166.11.136,225,NY
1002251942,226.118.248.4,570,FL
2106314618,86.212.97.219,514,CO
1536707661,248.39.110.98,68,NJ
1244276546,188.89.73.87,338,CA
1261064195,8.138.229.195,854,FL
1053332884,232.50.27.125,661,CO
1460678514,51.239.42.25,609,NY
1052989766,147.134.131.110,861,CT
2043685262,9.36.208.129,609,NY
1257313138,177.191.243.254,661,CO
1715078850,21.7.74.247,895,CA
976048340,164.104.141.209,274,PA
1734660597,82.74.4.238,817,FL
1637558432,143.52.78.168,776,NJ
707583074,14.84.23.134,67,PA
740016923,184.26.251.196,401,NJ
1968919963,123.226.28.68,794,NJ
1671403432,220.155.237.5,68,ME
1107063394,52.58.97.112,822,PA
2096098643,254.164.241.116,306,NJ
1392186689,41.7.231.43,876,FL
759016478,139.98.15.19,960,NJ
685787355,54.120.233.48,210,NY
768085579,122.124.248.188,479,ME
1375203021,163.190.234.198,971,NJ
1884946573,47.148.49.252,403,FL
1960313977,44.191.131.234,658,CO
1323019867,95.17.17.49,518,TX
1921704251,140.113.159.199,209,FL
1399959923,130.111.203.194,230,PA
1640922086,244.99.126.122,14,CA
1960357659,129.70.182.36,118,CA
1463141101,39.93.28.178,642,FL
1921988732,116.64.146.91,758,CT
1489429737,216.8.247.209,952,FL
2108255485,237.121.50.254,110,PA
1988014696,104.49.133.89,912,CT
973608587,99.222.92.186,748,ME
1302141891,251.178.54.204,645,TX
1377398380,232.211.71.56,355,CT
818338256,100.228.8.144,547,FL
1386704514,28.233.252.223,396,TX
1040015396,43.104.132.243,646,CT
2107115225,153.103.85.32,809,FL
771795650,176.126.206.4,77,VT
1306105104,31.109.203.175,618,CT
2101929547,196.60.203.93,970,TX
1082711889,186.102.175.99,876,CO
880656017,70.210.198.140,270,PA
1452982471,230.107.238.135,602,ME
1907238220,37.195.0.96,327,TX
1673988523,108.196.246.1,805,PA
1638640468,224.15.102.141,12,PA
2033461502,211.77.204.169,45,ME
1168476479,226.101.72.223,133,CO
899835299,243.173.196.150,179,CA
1288548686,144.220.214.121,948,NY
634805348,235.206.83.102,729,PA
1223386987,164.34.182.57,903,FL
1707723761,9.40.43.122,671,CO
652213128,55.53.226.231,531,FL
1241431918,183.185.138.243,323,TX
1457655518,26.160.190.142,880,CA
1446507399,155.148.98.82,64,NJ
1139637290,159.148.139.65,482,NJ
2072727153,1.136.20.20,158,VT
1646831158,150.158.130.154,672,FL
1513366205,234.198.44.45,873,ME
937829639,63.120.161.122,167,VT
1345848906,24.226.186.207,695,CO
1648648262,196.250.254.128,465,CO
1843519626,150.124.23.28,600,ME
1068404840,18.113.154.82,968,NJ
1227154866,102.140.123.136,393,TX
2012361234,114.102.140.54,230,CT
1690438548,67.162.40.147,564,PA
2060984327,64.30.128.51,184,CA
899358665,193.51.18.250,362,CA
981002787,196.235.10.237,413,ME
868951848,11.54.20.103,154,CA
1791194086,243.202.81.62,188,NY
863131736,37.46.254.8,782,PA
1035245833,118.59.124.227,236,CO
652873123,236.86.88.58,61,VT
669577493,5.94.171.113,590,TX
759304891,75.69.232.73,443,ME
1729167239,153.138.174.134,309,CT
2020090278,120.202.123.72,356,CA
1482577892,93.226.84.85,466,VT
1794581331,175.80.64.10,95,CT
1715147805,89.139.164.142,470,CT
1651037115,127.142.178.52,332,CO
778427042,125.3.209.128,36,PA
1875728269,133.170.137.74,460,FL
1189822891,188.194.163.217,542,NJ
1411928641,205.17.95.98,381,NY
1627254850,172.141.146.173,462,NJ
1533917091,253.206.94.106,185,CO
986996073,17.160.23.142,263,CA
899351948,182.142.71.186,349,CA
1939662580,147.204.111.151,11,VT
2033275367,43.215.212.234,771,PA
1206298655,92.205.178.108,169,FL
798581186,119.130.95.8,62,CA
1450657797,105.22.112.242,31,TX
1146593393,253.216.10.201,926,NY
2009126669,170.22.88.210,29,NJ
1840334645,154.36.169.89,149,CO
1733526086,1.248.164.70,332,VT
1949106084,221.115.53.166,553,FL
971233115,52.38.207.242,116,PA
2113372528,76.184.167.190,215,NJ
1378024325,127.212.41.213,466,PA
792467909,29.116.72.113,996,NY
668076843,14.16.45.178,71,NJ
1581981641,141.212.219.246,403,TX
1672632754,249.49.152.44,388,FL
1168678894,166.179.43.163,17,FL
2034521462,250.22.41.17,763,CO
642901229,99.7.252.21,881,NJ
1227739999,99.37.24.93,931,CT
1567237914,176.125.88.144,704,PA
1781388063,110.39.108.166,514,PA
2000518781,47.162.67.33,720,CA
687008930,37.115.199.122,543,VT
1588842454,25.110.49.35,276,NJ
1138793254,228.83.132.150,510,PA
1111082329,93.72.202.222,396,VT
1472273967,200.170.182.83,47,NJ
1727634544,52.77.214.160,703,PA
2112064909,5.151.128.20,995,CT
706002953,225.219.13.67,748,PA
2073067146,173.26.40.168,948,CO
1609996555,144.106.219.125,621,CA
1950353091,185.43.24.130,981,ME
859114078,151.77.193.32,225,NJ
1775219539,121.218.116.56,846,FL
1941183845,11.27.99.46,892,ME
1207986895,78.16.249.204,9,NY
1886956221,60.229.170.66,361,CO
1576039039,178.103.136.235,716,VT
1177641244,239.134.82.19,544,PA
1479739642,133.16.98.72,196,CA
1539043524,2.80.205.95,789,NY
1511003333,117.23.102.175,191,CO
1083822749,152.86.177.45,948,FL
770290558,48.41.150.198,412,ME
1167528060,133.140.36.60,259,TX
2062590063,17.39.250.21,585,NJ
1213481005,177.90.223.84,518,CO
1305943854,145.30.65.215,38,PA
2088599870,213.139.135.253,734,CT
1453140467,106.249.138.68,683,CO
1910399797,196.194.233.37,583,NJ
1281610113,131.36.174.106,547,CA
1691365147,62.2.129.206,383,PA
632838133,8.125.79.83,742,CT
1670305924,148.244.48.195,774,FL
1783470661,223.79.131.183,886,NY
1208398973,70.212.25.138,723,CT
2015640591,207.72.35.24,786,CT
900674466,129.155.86.218,563,TX
1451939115,8.197.46.132,308,CT
1795405000,219.70.184.137,777,FL
1123077867,39.16.2.246,361,NY
688818833,251.244.1.71,714,NJ
1717187883,200.11.10.220,858,TX
1177680158,204.64.45.60,593,NJ
1519506853,197.166.93.237,803,CO
940454777,7.185.104.179,818,FL
1075868714,218.72.205.234,96,CO
1953095635,177.172.197.234,289,CA
1219148423,31.117.146.68,6,NY
1989150004,50.234.163.151,10,NJ
1586740699,87.248.180.59,466,ME
1416882743,246.218.100.252,206,CT
2042739997,174.56.49.2,975,FL
1024244359,109.27.122.39,362,VT
991189280,233.117.107.147,955,ME
896742550,51.9.8.66,592,CA
2031602603,147.42.205.191,918,CO
1701721938,88.251.30.151,194,TX
972732459,254.56.131.156,130,CA
1346572480,22.15.216.126,239,FL
804649316,64.101.180.60,222,CT
1652653943,168.200.164.220,621,CT
690972161,50.239.195.27,320,FL
1482819924,180.234.175.183,827,CA
937027001,241.57.15.235,286,CA
1499458546,251.20.238.65,694,ME
1099574897,80.193.202.134,100,NY
692782918,180.223.5.6,306,VT
920167373,213.131.251.252,886,CA
647021840,131.118.4.6,366,CT
1907640162,155.117.21.117,776,NJ
2011381090,134.184.152.94,25,CA
1914463868,25.30.130.37,791,NY
990511768,159.10.124.42,680,NY
1123203414,179.167.61.21,855,TX
1415293636,181.22.7.135,873,CT
1718930844,5.69.217.47,63,NJ
747615601,118.252.232.25,364,PA
1305473092,229.185.230.204,370,TX
1526406483,121.35.251.97,91,CO
1879486848,176.55.54.51,933,NJ
2015620526,61.72.45.118,858,ME
2037869988,155.68.194.166,138,VT
1000454646,185.0.211.99,92,FL
1588215724,252.55.187.105,637,NJ
1170631371,120.213.103.217,437,PA
1820128731,90.190.130.182,252,NY
945497431,113.100.172.78,239,NY
1516030073,246.154.213.235,540,CA
1716858056,123.172.166.179,982,NJ
1970462024,168.138.58.222,379,NY
1838136485,46.190.166.127,121,CT
1442270166,1.180.7.204,669,VT
895037128,254.219.132.32,35,CO
1673299054,5.136.70.234,220,CA
1332121999,19.130.228.192,452,NY
1320514162,238.108.92.20,990,CT
1994224701,139.143.157.166,159,CT
664770402,5.20.173.229,602,TX
972527342,18.104.91.60,637,CO
1254669678,17.21.241.103,492,ME
2110173861,207.166.181.10,730,CA
1547220610,249.210.103.143,861,CT
987431049,237.93.146.131,146,ME
1318559026,73.248.11.125,55,PA
1280818808,35.7.64.234,279,CO
771006483,58.253.63.192,165,ME
2053585678,172.135.37.199,179,TX
1546853085,26.149.145.1,114,TX
1161007280,70.13.50.190,690,NJ
1100521884,53.248.43.30,731,CA
849171632,11.78.5.229,940,CA
1820975365,164.45.220.116,225,NJ
1988127240,32.172.82.197,366,CO
714397779,148.18.74.59,439,CA
858352907,116.157.97.88,983,ME
1623511370,41.236.243.234,631,CT
1042587328,192.11.164.246,883,FL
1063715586,186.19.97.108,589,NJ
1789759105,26.160.18.2,598,PA
1736089500,153.194.102.71,764,CT
701845916,179.124.152.97,824,CT
1471897264,161.214.127.148,848,TX
1928577633,16.178.5.193,52,CO
962949508,24.217.67.14,445,NY
1021209451,34.33.44.244,884,TX
1614269188,46.69.88.63,433,PA
1589772747,45.113.127.235,791,ME
959920857,21.44.221.70,857,CA
1994402331,175.217.184.193,882,NJ
1287203768,51.216.77.166,849,CA
869320432,170.195.222.125,182,ME
1711623049,217.153.26.47,671,NJ
710925016,220.194.181.104,373,TX
1822260370,52.74.178.92,303,ME
1457149720,21.240.153.238,699,CO
1805593221,9.34.201.184,789,PA
1812320576,1.179.138.192,585,CO
713172758,32.36.66.9,149,PA
2066342667,227.122.177.174,50,NY
2051795038,190.57.172.75,446,PA
1208251653,65.84.168.118,533,PA
1486717565,169.155.253.220,434,CT
1028383409,127.166.241.152,229,NY
1980528896,214.86.20.169,624,CT
1934731860,71.75.145.137,283,ME
654853752,215.218.81.119,586,FL
1448038024,127.61.131.51,386,ME
1495223817,197.156.231.162,718,PA
948004666,145.97.144.169,362,ME
1906810545,49.137.45.190,249,ME
722069461,20.121.21.20,917,CT
1914215831,248.195.108.126,278,CT
1655181541,46.114.160.109,296,NY
1636953639,68.195.139.181,116,NY
1453282008,65.173.88.189,290,CO
1720926973,195.83.233.4,366,CT
1965814638,242.78.240.150,70,CA
1935837670,107.219.216.33,876,FL
1713119809,174.218.230.63,548,ME
2042978435,83.165.14.96,448,TX
2086614981,114.58.56.89,370,ME
1477733770,214.197.22.19,614,NJ
1383720902,228.178.63.56,983,CO
1339048775,165.84.27.93,597,PA
1809139084,137.77.225.130,641,PA
1664659109,213.13.50.60,506,NJ
779215687,234.158.25.233,415,TX
1008111870,193.209.106.181,370,FL
1451622008,142.101.198.115,306,VT
950104872,79.75.186.70,115,CA
718986617,129.197.199.36,500,CO
1095927237,96.206.67.97,472,NY
1594229447,252.182.30.119,669,PA
954231181,98.64.128.211,135,CO
1753802002,153.236.237.92,621,PA
990955052,228.24.29.162,281,PA
1683816564,241.62.159.153,238,PA
2091416051,56.106.38.166,165,CO
1679759418,59.49.79.239,873,CA
1740305774,146.144.248.174,447,TX
1094184183,179.171.198.178,167,CA
1962382990,43.50.167.136,114,CA
1281263399,40.123.23.121,46,TX
1539220592,23.97.210.217,795,NJ
1385369746,200.186.231.189,877,NY
1102772393,213.223.21.195,2,TX
1425546332,42.63.242.71,87,NJ
1936386459,19.108.28.227,738,NY
1050445958,63.249.68.128,849,FL
691870692,196.54.9.52,595,NY
1459884056,20.156.196.179,293,ME
1697023615,44.212.217.68,547,CA
1190215224,232.239.132.118,70,ME
772644871,188.101.75.236,523,VT
1955809532,156.248.55.213,271,VT
1994473369,80.16.83.172,16,PA
1317597688,67.172.26.155,533,NJ
813617439,32.111.59.65,681,NJ
873676105,83.57.249.157,408,TX
1422672786,36.37.156.240,608,CO
1919428163,219.195.117.83,448,ME
1320951691,202.30.51.11,970,TX
1160311444,104.112.109.96,580,TX
1411965747,218.46.83.51,442,VT
1040657264,106.68.225.242,363,VT
1844176244,239.201.111.148,874,NY
2104410383,160.158.2.110,136,CO
901336673,26.153.135.206,538,TX
1745422222,199.7.176.66,925,CO
1387699649,82.30.25.249,509,VT
1333407474,93.190.61.51,363,CA
1989335984,161.42.59.114,282,PA
2032684718,101.250.59.102,625,TX
1103129235,19.202.40.14,850,TX
1433541900,205.139.124.237,429,ME
933220501,74.10.130.236,642,FL
1544983749,32.254.103.233,929,NJ
1821662907,30.4.223.16,763,TX
1120932966,137.87.48.80,826,FL
1058069397,23.152.204.199,247,NJ
1270223543,224.46.103.65,937,PA
1920088934,2.152.63.241,614,TX
1479142914,66.1.184.60,548,FL
949706874,243.138.46.163,26,CT
2026572605,216.144.197.67,895,CO
1195763034,136.235.250.39,582,CT
800594513,77.192.57.58,621,CA
1082473086,197.206.229.136,629,NY
1154600050,195.199.105.245,139,CA
1297496585,98.88.176.150,28,PA
1522202728,218.93.136.82,772,CO
1263537293,36.43.93.220,40,CO
1529435834,16.7.83.223,618,TX
1461379260,48.183.173.178,556,NY
672796446,44.34.187.110,144,NY
1828903693,154.124.34.82,605,CA
1794917584,191.96.74.134,811,CT
1702429303,232.211.1.14,33,PA
1187309292,39.104.225.232,211,FL
1174243730,104.56.176.93,965,CT
1463205985,230.135.126.77,432,TX
1648962730,5.83.193.213,254,NY
1425465448,39.124.55.226,205,PA
1426829454,99.236.188.89,421,TX
1110855760,60.42.155.28,899,NJ
1330716267,248.116.40.52,904,CT
1807451626,206.12.114.68,751,FL
845798003,188.214.138.53,316,NY
2086164125,29.97.100.243,217,VT
1866068842,143.0.0.106,305,NY
771353791,195.71.189.41,671,PA
1433699723,169.1.50.182,47,TX
809153309,106.183.125.64,256,NJ
1074501034,100.44.217.82,531,CO
1092430972,65.55.205.60,705,FL
1063244551,147.232.214.15,365,CT
980258471,10.98.18.84,644,NJ
681014585,192.240.171.62,202,ME
1839272753,170.36.65.99,489,TX
1055994773,189.109.183.191,975,TX
1191963559,166.23.20.122,647,FL
844575076,114.169.110.49,416,FL
926113135,213.162.150.176,919,TX
2048972929,140.38.120.14,86,NJ
1097258812,114.253.62.15,246,CA
819248601,118.101.187.168,853,NY
1419010259,231.45.130.122,646,PA
1710242364,124.115.65.34,715,CO
1800942991,78.69.101.37,944,TX
988914785,35.95.135.149,939,CA
1806539022,50.238.224.70,450,CT
1676577401,68.201.116.180,873,TX
1592551555,35.137.74.205,563,FL
2079174159,51.137.81.45,972,VT
1360644689,12.58.233.220,428,CA
1467930918,104.9.235.178,501,PA
1863663911,203.150.207.40,151,NY
697187552,130.144.102.90,472,NY
1080601053,159.241.135.197,613,CO
1066736696,150.99.120.147,843,ME
1082875072,11.192.40.99,617,ME
656904644,116.77.199.74,18,TX
635076078,26.12.2.233,936,TX
1107493425,248.244.172.91,180,TX
1523358796,185.176.71.192,518,PA
2012397257,253.123.234.110,469,ME
1967043854,99.200.204.150,293,PA
1445567630,30.49.215.215,972,TX
1031072117,83.148.52.243,356,NJ
1964724715,112.251.148.201,160,NJ
1488037088,119.194.67.60,59,VT
810875159,169.35.23.97,824,CT
815840497,230.64.0.76,142,FL
2075158839,254.163.160.134,973,NJ
1608331710,163.153.177.91,287,NJ
1494899629,247.119.7.140,344,CO
1597981067,196.222.152.206,479,CO
1915903100,110.13.49.231,468,NY
771891279,123.21.200.32,156,TX
940415647,120.231.194.90,727,CA
1656274506,122.231.212.57,563,FL
2071903783,236.245.126.231,795,CA
1905749847,132.157.3.105,540,NY
1969393110,16.14.151.61,880,VT
1911077455,10.28.107.33,728,CO
687621069,123.221.198.221,645,CA
1567735620,195.39.217.187,954,VT
1916757610,193.146.224.185,535,PA
1338329759,196.186.45.242,613,CA
918659305,135.161.187.161,577,PA
982637987,4.205.200.130,581,CA
960573487,1.4.219.161,519,CA
1073932609,234.78.222.189,350,PA
835014654,2.161.130.56,581,NY
1364768070,224.208.136.64,349,FL
1837052216,239.20.246.209,971,PA
1190167604,25.149.23.142,579,ME
684172791,254.189.237.125,500,NY
1842615426,134.86.2.49,653,TX
1837139005,214.26.163.203,251,CT
1970227225,206.105.140.253,156,CA
666762459,36.195.225.186,766,CT
1737607877,237.75.191.34,969,CO
877245216,232.76.203.164,323,CO
1655769071,35.76.30.60,975,NY
744205084,75.89.211.26,111,TX
1673658187,82.20.152.161,370,CO
1800546450,152.234.232.82,340,FL
1090475468,232.216.178.37,812,VT
1245620776,91.252.232.107,273,VT
1229826221,79.173.107.160,387,CO
1261572023,114.119.72.57,97,NY
1009431867,36.145.30.233,474,VT
711197268,172.175.186.0,632,ME
1180099905,230.163.101.252,174,FL
1989962339,73.40.90.26,307,NY
1658941441,68.38.235.119,686,NJ
2110519687,181.166.12.29,536,CA
1498845952,160.115.248.40,226,FL
1715735075,159.13.66.239,713,FL
1315246324,96.219.241.195,572,TX
1682608632,91.83.186.208,530,NY
1041215191,83.176.171.5,784,CA
1411751719,114.32.178.192,388,TX
728601077,106.143.112.24,675,VT
1777313329,30.152.213.122,380,CA
863147243,162.169.141.238,656,CT
1667387169,115.191.35.202,548,PA
1449318029,107.177.28.68,511,FL
1970235285,138.159.224.244,839,VT
868416140,35.191.178.6,255,PA
1572398610,103.64.97.88,2,FL
1863603908,118.219.248.238,489,CT
1023906596,28.43.180.63,535,CO
1951151933,148.18.184.8,454,CT
2080058771,111.139.146.51,923,NY
1695389246,14.172.81.130,648,FL
1405698379,25.68.114.229,417,FL
1036000946,131.124.180.176,680,FL
797017345,120.254.99.2,997,NJ
1561291975,162.19.220.66,604,FL
640516948,34.37.74.224,394,CO
1020888818,78.110.138.8,263,CA
1070485003,245.229.195.53,577,VT
1634805114,15.131.102.33,68,CO
823392326,96.178.91.130,506,ME
900718174,216.172.108.174,475,CT
2042306329,223.248.24.174,555,NJ
1017544747,183.46.23.254,657,ME
1200215503,230.36.234.254,52,VT
1725395181,222.172.178.33,17,CA
834353758,177.196.59.14,886,CA
1700247380,24.156.190.223,516,ME
1169184564,116.43.15.97,530,VT
1185684069,240.251.156.33,139,FL
1097516373,62.92.210.28,889,PA
1546838152,164.31.68.229,407,CT
1675631019,134.26.138.238,301,FL
1393893516,146.97.198.150,244,FL
1072250376,88.195.159.166,826,TX
2101083641,147.167.131.57,206,NY
645110588,32.161.113.241,507,CT
1659967394,60.47.64.103,95,CO
1555013591,132.11.188.71,898,CA
1381169576,87.140.63.252,620,TX
1929206066,137.202.115.218,352,NJ
1257203277,253.229.144.106,170,NJ
1707812728,145.144.53.204,59,PA
1798025404,43.90.183.109,589,VT
1684217213,184.6.97.183,177,CO
993358549,219.195.3.202,678,PA
1409921274,106.219.179.51,348,TX
1325447526,89.177.50.13,88,CT
1767033187,61.162.159.67,953,CT
1115002571,159.171.154.162,776,CA
1026158494,90.35.181.30,345,NJ
1509193732,12.218.42.66,650,CT
1148142979,141.141.154.132,222,FL
694423137,103.245.185.98,114,ME
724941844,195.117.106.24,693,TX
1454632121,147.18.190.86,641,NJ
1321527209,191.43.251.194,609,TX
1211614869,222.159.155.37,154,CA
857882651,75.181.50.103,562,PA
1553468532,106.42.196.91,438,CT
1064089121,202.173.112.142,891,CA
1328819325,23.88.12.163,568,TX
1031976418,182.23.69.54,295,VT
943102927,222.33.17.84,873,FL
1239778938,133.206.214.134,794,CA
1618250856,171.169.109.120,449,CA
1876950402,96.61.41.112,419,NJ
1507339325,61.189.196.179,853,CA
720826741,198.3.67.157,818,CO
1682992875,67.17.179.242,318,VT
1872877122,110.96.2.87,46,CA
1418852132,5.144.205.49,914,TX
1733515491,253.195.169.60,181,CT
827215638,130.39.34.80,422,CT
1234638763,59.42.155.161,184,CO
1687769664,154.92.252.169,812,VT
1370260876,248.128.41.216,683,NJ
1292008015,85.236.56.199,487,CA
1887603714,166.18.147.9,896,NY
1789795295,212.42.177.143,798,FL
922726917,184.116.20.20,975,FL
825864579,55.230.243.197,938,NY
1161459659,184.243.192.195,352,CA
1093539555,199.206.64.67,606,NY
1877154156,73.158.67.197,328,NJ
1709096057,161.105.20.106,229,NJ
1342273976,191.130.20.13,970,TX
782864874,27.199.193.212,390,NY
1810642938,146.37.99.17,488,FL
2036112817,234.143.211.133,446,NY
1887785752,169.31.162.77,711,CT
1400073297,244.221.161.113,174,CA
1015719168,160.247.48.105,933,VT
1133531922,123.18.166.16,977,FL
1940360989,246.203.116.229,972,PA
1339042264,13.117.206.185,730,VT
711243367,85.152.79.183,187,CT
1644384574,162.230.182.236,828,NJ
684808231,130.62.35.56,456,PA
695403652,219.60.126.103,463,VT
1542271583,23.56.62.44,510,ME
708351208,29.133.190.123,219,NY
2109109096,144.40.14.130,300,CO
994175589,18.125.248.246,603,VT
1374833605,130.23.218.33,390,FL
1015179719,21.63.33.169,568,CO
2090558657,110.211.130.61,289,CT
1677856023,173.181.181.35,17,PA
1671859833,5.108.134.44,563,ME
1813681919,26.154.186.55,178,VT
1990585725,185.152.177.113,563,CO
760719838,198.90.42.247,617,TX
1548497716,4.75.51.170,604,TX
988516139,132.156.21.33,748,CA
1288063678,206.138.252.69,614,VT
1603589151,64.65.126.76,548,PA
1629610342,36.143.42.191,337,TX
1142819747,186.58.180.101,695,NJ
1060868877,177.83.76.241,825,PA
904075396,7.84.112.189,942,FL
1705815496,145.157.198.117,896,NY
1512654811,65.150.157.96,866,NJ
1045361017,2.237.125.182,934,ME
708138624,31.222.200.219,389,TX
1515370881,16.192.96.87,672,NJ
879248829,208.42.153.13,764,FL
1002243884,185.102.64.33,860,CO
1799889263,78.48.9.54,324,CO
918994697,174.54.76.183,589,PA
1706492542,13.70.93.5,566,PA
1434552769,46.110.213.243,538,NJ
2052817072,79.251.8.78,112,VT
2059795750,43.134.254.169,702,CO
1859646698,204.185.226.101,125,NY
1168610104,128.97.243.100,804,VT
1922788865,48.237.24.145,801,TX
2047988003,128.27.204.104,663,CA
706737204,115.221.43.160,309,CT
1171813161,238.157.74.126,956,PA
1577283828,167.246.185.19,952,ME
843650234,23.108.163.67,591,CO
1493097285,196.81.172.99,784,VT
1940214963,169.47.192.87,163,NJ
1946878474,161.87.175.69,753,NJ
1091686226,90.57.25.133,632,PA
1682678418,73.108.138.142,376,NJ
1222015670,164.29.232.68,426,PA
944408074,200.47.244.22,394,FL
1039264902,222.194.188.219,916,VT
786245302,222.56.172.198,21,NY
1953711933,73.30.68.167,256,CO
758794523,156.21.62.113,667,CT
963693339,83.150.199.88,412,FL
1261437875,215.92.1.236,806,NJ
943801352,237.104.246.227,570,ME
1011403172,135.145.82.54,787,NY
791829368,183.86.20.130,321,PA
1118017886,13.203.81.156,939,CA
1254945108,162.98.119.105,662,CO
854269917,173.24.21.191,348,NY
1517463087,147.186.126.158,40,FL
1578467910,237.103.100.195,949,NY
1383361510,122.23.63.224,278,CO
945209203,101.44.211.97,252,PA
693825911,90.199.212.31,57,CO
1327019286,212.54.179.39,955,NY
1120622758,74.235.140.106,962,ME
1302481069,74.56.9.179,328,PA
1344809744,231.161.117.33,376,ME
1359108794,195.186.93.144,647,CT
871769155,146.196.240.170,386,FL
1940535747,76.194.35.20,766,NY
664661509,194.242.132.246,642,NJ
1865967813,225.222.238.235,49,CT
895981495,35.128.134.215,525,PA
1665120026,153.147.163.59,241,ME
1771359474,203.76.104.84,962,VT
1760538837,148.173.211.105,608,CT
2056292170,217.150.183.199,905,VT
969156407,187.184.182.181,225,TX
1881907841,57.192.67.58,447,NY
1778886663,123.179.4.126,54,CO
1973754349,100.51.210.44,657,VT
1390647543,57.226.82.171,860,TX
1917564048,55.14.138.141,172,NJ
774592234,195.252.44.82,686,TX
2034688004,164.127.78.116,378,NJ
1680150524,231.179.175.85,582,FL
878691567,205.134.4.14,364,ME
1355342875,157.184.167.132,472,CT
1431372174,183.145.221.25,283,PA
1493546550,128.238.75.35,461,CO
2067793946,108.159.71.252,596,NJ
1831087302,186.84.162.149,254,FL
1135560900,187.153.109.140,211,NY
1143291000,156.85.69.251,202,TX
759645990,244.221.22.250,414,NJ
1174117629,99.35.196.83,53,VT
910630594,172.88.164.0,811,TX
857275524,25.125.51.214,130,CA
836372825,186.34.135.43,327,TX
1553393092,240.8.124.221,40,VT
1249515018,149.217.187.107,315,CA
1897044822,17.16.95.105,471,CA
1608598962,24.220.43.233,534,NY
1704591615,160.132.226.224,206,PA
691236326,68.78.1.138,48,PA
1828271376,58.213.76.45,984,NY
1915016715,11.61.61.113,135,TX
1695022670,147.147.41.164,404,FL
1367794414,165.119.126.33,617,TX
1843126412,107.17.196.200,702,ME
1613457703,170.215.163.149,874,VT
1625638180,159.22.29.175,845,PA
1132125615,15.190.24.186,320,NY
1720746518,18.138.182.178,900,CO
1371152240,190.56.38.75,684,CT
1153826153,251.78.137.33,689,FL
678249728,247.245.124.105,394,FL
1420824172,150.179.81.250,354,VT
2054290190,121.222.110.221,647,TX
884296401,131.15.75.14,485,NJ
874789730,156.180.115.139,560,ME
1206590628,196.124.113.128,16,CA
1959200779,17.25.147.91,234,NY
1299830986,24.163.56.36,389,NY
795892633,202.217.116.111,396,TX
1420339934,106.67.51.188,81,NY
1749294682,168.219.181.120,184,NY
2020408089,230.230.84.15,158,PA
949003713,205.132.63.13,102,NJ
1133623347,61.220.248.96,659,TX
714735309,114.202.155.13,406,TX
2106512600,118.111.40.205,341,CA
2073795463,5.119.207.251,69,NY
1271825374,143.213.216.52,689,TX
1240513464,162.15.58.109,917,CT
1805930850,59.150.73.227,337,PA
839064731,92.180.213.17,735,CT
1628999919,211.123.101.101,116,NJ
942227673,81.151.78.96,420,VT
704391924,111.116.226.27,620,CO
1437832349,167.15.91.220,20,TX
995480289,47.39.94.53,629,PA
1530459148,116.102.75.98,754,TX
974683878,143.29.43.174,611,TX
994966500,125.144.226.52,975,VT
2089309818,85.16.112.86,819,CT
1468218632,51.69.230.155,665,CT
1121590070,151.7.76.101,502,CA
756036136,93.165.50.196,64,NY
1895226755,199.105.109.195,501,CO
988503308,53.224.238.244,970,CO
821327431,193.143.47.225,439,CO
1263811908,136.132.102.40,439,CT
1374551954,68.251.9.210,426,NY
957912344,212.107.49.141,339,VT
650741239,45.72.220.145,484,VT
1218199558,1.16.234.113,318,VT
1880238268,85.209.150.142,527,NJ
1314314516,151.92.73.146,857,CT
2097698039,234.211.228.108,905,NJ
1306921901,150.144.138.159,73,PA
1629008311,105.174.240.35,164,NJ
1585552757,110.154.17.135,355,VT
1127962131,232.99.138.35,957,CT
639643901,154.189.122.79,123,CO
1215120283,83.155.72.176,467,NJ
1426194637,33.139.93.109,545,CT
632663603,219.13.125.44,450,CT
1756868385,168.212.25.24,769,NY
708148388,196.252.131.53,167,NJ
666743491,32.187.17.195,385,TX
1931018515,63.102.217.0,57,CA
1958717916,26.109.100.161,396,PA
675505696,34.77.138.30,183,VT
977422789,235.101.173.37,727,CA
1765892324,117.103.83.208,923,CO
1957559167,211.72.72.244,171,FL
1878107442,70.137.63.234,841,TX
1406648057,112.91.37.171,882,PA
1596973458,175.99.244.189,922,CA
2091261259,102.82.56.149,149,NJ
735214468,211.234.84.224,674,NJ
1604308640,223.101.91.114,437,FL
1310332862,241.24.28.221,998,TX
1269811073,208.161.46.247,82,CT
1047052611,165.106.34.247,535,CT
1396725060,106.60.147.158,47,TX
1455428370,203.190.10.120,497,TX
1533373838,179.196.179.45,203,NJ
1410980218,16.85.116.209,28,CA
707870104,20.195.39.184,831,VT
1033017584,225.232.192.78,787,CA
665382947,132.207.217.152,288,NY
1153190810,144.28.226.119,987,CO
1466935579,47.232.168.106,950,VT
1691664008,175.122.121.201,941,NJ
1224725207,102.52.153.34,712,CT
1347080399,196.7.215.72,722,CO
1761027247,112.85.107.167,940,FL
957940519,33.51.35.76,804,CO
906702132,49.216.13.102,835,NJ
693490027,92.129.76.44,339,NY
1522199843,166.5.175.221,751,CA
1792581040,112.215.149.196,345,PA
1551844789,140.202.7.17,962,ME
1345879568,26.8.113.189,67,NJ
2051574171,55.42.196.197,735,TX
2002792958,227.92.13.238,285,CA
1031562717,188.213.153.10,661,PA
1074363018,181.162.244.110,793,VT
1362482022,97.236.200.5,353,FL
1857027521,4.51.12.234,553,CA
1617612265,202.196.25.211,279,NY
756402572,250.254.249.45,245,PA
858147379,164.94.145.113,275,PA
1055497833,46.113.200.158,172,FL
1923586932,84.7.160.55,969,NJ
1971100318,215.101.42.245,50,FL
1082764169,146.188.104.227,55,NJ
961498396,149.210.159.96,34,ME
938637424,155.66.157.92,750,ME
1948761154,209.39.228.215,773,ME
1182821098,175.33.112.45,437,CT
1841599497,64.22.194.23,45,CO
1571766660,244.122.251.21,189,PA
1335078940,246.197.154.50,107,CA
1292264032,254.181.16.133,842,CA
1242450959,197.60.216.132,570,CO
2077363526,232.50.209.220,923,VT
1386444765,54.43.227.69,248,FL
1495064886,229.40.170.10,180,TX
1556790183,120.204.249.208,346,NJ
1006374143,18.121.168.11,20,CA
1697294581,29.156.37.83,828,CT
1144238599,111.80.254.232,163,CO
1588995013,45.167.199.137,456,PA
1015658351,113.109.188.80,629,CT
1320281977,151.24.6.227,864,CA
1361431224,137.219.122.35,843,CT
2005225569,30.182.200.89,329,ME
1971085613,78.155.222.220,484,CO
1150647858,193.178.109.214,197,NJ
744315642,106.4.168.248,361,VT
1208721884,245.35.182.132,33,ME
1174635369,211.172.154.145,798,TX
1417938250,161.26.208.46,232,TX
1883288226,52.123.64.200,230,FL
1930300627,147.6.241.175,994,CT
1853024941,130.78.54.31,33,FL
1237819745,101.86.199.202,89,NY
674947523,23.210.62.125,226,NJ
1766420687,172.72.143.61,238,CT
1622890529,138.179.229.240,436,TX
1847383939,141.13.154.194,253,TX
895617002,175.131.225.45,278,TX
2021056676,72.38.61.117,520,CO
1337712169,114.231.23.34,893,CO
1134864675,83.102.155.215,446,FL
1086674377,252.169.195.177,392,CT
1882084482,31.212.75.133,850,NJ
732450707,164.130.146.108,321,CO
1699308318,32.64.54.103,126,CA
808220275,48.221.228.7,426,FL
1234024311,214.44.112.234,401,CO
1021099476,111.243.201.86,7,ME
1817297197,180.234.98.101,809,NJ
1931712553,110.207.97.180,756,CA
986520721,33.219.240.43,436,FL
1583164062,40.99.219.136,244,NJ
1478464385,216.197.71.210,153,VT
1477484902,33.226.87.90,544,CA
1483212803,27.162.21.148,997,VT
1638914083,206.112.37.33,971,CT
1525488167,69.176.18.154,612,TX
1795066404,142.152.31.52,805,NY
689393987,118.60.23.62,128,ME
1140063283,215.217.71.134,362,FL
1888029368,235.199.76.64,274,CT
695166975,150.72.137.86,335,CO
766489584,54.21.17.23,169,PA
877743056,29.224.133.134,686,CO
1516526545,105.232.158.8,800,CT
1045863830,59.123.129.229,220,CT
644080925,233.29.249.150,29,CT
1976237001,97.231.76.137,585,ME
771181013,179.2.109.74,565,FL
1252933627,239.69.169.245,632,TX
1450247227,62.105.53.228,714,NJ
1303915087,118.119.239.80,709,FL
1175268917,19.126.95.213,43,TX
953352800,245.46.231.214,609,NY
1070540645,50.127.75.213,998,PA
1367630498,175.69.136.137,332,TX
979229669,184.1.233.15,232,NY
1458556075,53.211.251.117,127,NJ
853021114,218.12.76.134,765,CA
944808014,20.97.91.129,48,ME
1747927016,200.182.136.74,468,CO
1180072123,156.191.188.111,566,CO
1692107470,134.247.142.16,694,CA
1899482159,30.115.5.110,964,ME
1655950597,219.240.179.119,539,FL
692430017,41.0.153.103,495,PA
1762305653,59.77.249.123,419,TX
1213920221,246.242.160.62,722,TX
2054026495,138.229.60.177,60,CO
675690771,72.250.63.43,710,CT
1774032737,100.85.7.103,894,CT
1185828378,195.158.76.160,531,TX
1809912615,36.9.16.176,83,CA
1929048483,16.74.98.251,321,ME
1654395645,158.112.209.12,377,VT
691230276,75.135.111.230,754,NY
1425636752,65.205.124.102,821,TX
1301997492,191.249.67.177,172,TX
1464517831,68.6.76.166,898,CT
2032815182,210.151.67.225,704,VT
824833282,171.66.25.153,48,CO
1980424007,213.179.172.110,318,CT
1560812072,199.111.47.89,918,FL
1696200204,165.247.119.12,467,CA
795929217,58.162.203.57,716,TX
2097575135,63.98.160.88,193,FL
994069843,39.178.85.158,578,ME
1973522511,108.21.84.216,677,CT
1867781660,75.191.224.103,611,CT
2062087041,185.48.227.174,205,CO
806471164,224.16.221.49,198,NJ
913939496,245.112.68.218,500,PA
2063615950,216.54.248.180,365,FL
1983093595,199.93.179.170,479,CA
1173278243,36.7.182.76,792,NY
1376298103,233.64.250.106,616,FL
1960511773,228.31.133.47,447,CT
1312659504,144.221.144.1,916,ME
1364759495,198.250.253.70,51,NY
636549900,6.212.160.150,815,CT
1848479307,7.8.143.99,863,CT
716675585,208.215.151.137,35,CO
808179295,100.163.175.91,114,VT
1943381785,200.65.126.220,346,NY
703436105,13.214.185.52,437,CO
800653703,34.125.69.13,712,CO
1091004353,216.211.162.220,673,NY
1612959608,53.174.46.144,750,CT
1241542204,222.247.159.106,763,CT
1312377011,12.167.25.53,787,PA
1457773233,27.112.109.99,564,CO
1516393630,212.4.121.240,179,VT
1204403281,170.154.163.144,590,VT
1547389522,155.85.246.21,730,TX
2015918374,14.191.174.141,449,VT
1438585800,0.96.213.147,310,TX
1540343966,54.14.215.62,575,TX
1480652362,26.207.19.122,754,VT
641096230,45.231.2.191,354,PA
1165851393,130.78.100.136,154,PA
1672293477,222.248.140.143,608,TX
1413116284,194.27.248.2,370,TX
1893318161,120.69.1.85,347,NJ
796012865,85.42.66.209,790,NJ
1963657596,222.60.224.34,579,FL
1630663869,116.18.63.191,894,ME
1130320427,192.140.46.112,240,CA
1690665129,153.94.130.135,93,VT
1131480994,60.229.185.198,33,NY
1411894049,19.248.38.208,690,TX
1171348149,131.1.153.41,156,FL
731473650,174.235.222.56,895,FL
846743550,172.93.195.112,470,ME
1593416787,103.207.78.197,143,CO
1577487103,175.171.233.128,343,NJ
791939444,0.86.193.252,476,TX
1950984189,35.35.168.130,210,FL
921809541,22.199.228.220,20,TX
1987730181,119.31.51.154,822,PA
1968579121,223.15.149.190,245,NY
1823973897,144.234.14.58,634,VT
1332883361,135.76.100.157,945,CA
1558680099,184.200.153.88,744,CA
667316761,59.48.91.132,851,NJ
1130737029,135.37.165.220,171,ME
1271995220,193.97.174.186,238,PA
1317928642,90.54.193.13,367,CO
743769232,214.153.179.197,601,FL
1395882678,163.62.86.99,791,FL
1763976544,101.39.133.231,679,CA
1083733820,221.50.214.72,415,FL
1116537600,62.229.71.183,930,NJ
1038088164,32.57.49.142,882,VT
1444760204,79.173.94.215,376,VT
1535613568,125.233.233.249,155,CT
1688918444,199.77.205.129,752,CT
912077137,248.23.131.119,661,VT
808192279,149.59.177.196,951,FL
822629496,158.181.78.59,840,NY
824260084,228.73.202.224,89,CO
1569327842,75.191.65.206,978,PA
925820928,8.133.98.167,651,PA
1738482489,27.83.7.239,984,FL
1257537914,194.162.242.109,235,NY
1762613945,82.87.77.169,969,NY
2071448038,167.231.63.132,714,CO
1199559671,25.240.187.7,950,CT
1100519259,6.68.252.171,262,CA
749383297,213.157.196.168,972,TX
759510890,209.75.66.20,812,ME
1366255879,210.141.6.0,713,CO
1027186092,74.205.185.150,297,FL
1681921373,159.141.163.180,995,CT
859390654,218.234.15.82,687,VT
1943333171,165.230.160.29,147,ME
939697624,174.69.159.193,609,TX
1994525634,158.61.148.63,880,ME
1922007445,48.8.200.77,821,PA
1346252263,229.57.92.18,922,CT
978567987,193.2.159.132,832,CT
1911347928,172.174.105.115,849,CA
1259330399,104.148.144.52,173,NJ
2063938612,87.161.68.167,382,NJ
1309010861,251.245.157.205,150,CA
1638245790,196.212.81.56,128,CA
1434390776,211.70.73.163,845,CA
1660389275,141.236.146.104,835,FL
932934406,50.115.32.80,813,NJ
1815578384,214.1.4.190,224,NJ
1234234130,237.132.0.121,689,ME
1311404480,29.80.183.11,291,ME
1562385315,106.159.26.216,767,VT
1209839255,238.71.157.174,177,CO
813409423,71.183.182.109,137,VT
1442032989,241.159.63.82,427,NY
1923520608,49.84.214.111,697,CA
1643612981,216.29.233.10,244,CO
966647005,11.124.126.86,828,CA
1198962781,239.110.93.149,307,ME
1757359284,232.26.196.189,136,FL
1747824817,191.35.119.140,799,PA
1894607860,63.165.201.28,647,CA
1766018604,125.66.143.17,618,TX
1900062193,49.45.165.93,270,PA
1403400200,241.254.108.188,602,NJ
905111394,51.148.91.6,241,VT
1259408530,250.229.6.190,220,ME
876209532,75.15.76.171,276,VT
945018624,243.59.6.12,30,TX
1705938945,58.111.145.134,171,CT
1553631910,230.9.77.173,974,PA
1994442540,11.195.253.72,89,CO
694028871,82.123.175.195,497,CO
1069043081,228.37.159.37,959,CT
731769369,41.221.143.118,518,CT
2109004716,69.242.88.92,945,FL
1931921618,129.195.164.195,590,ME
1492530173,97.151.154.27,553,ME
1225877055,150.142.110.78,574,ME
1522767448,238.213.222.161,456,ME
1641347341,186.135.120.90,786,TX
1249465153,200.176.94.47,834,CA
998372890,222.115.13.31,180,CO
1831475954,66.127.209.190,526,CO
955225687,51.31.198.70,518,NY
1202113219,31.209.74.54,22,CT
1030451526,244.28.155.68,123,CO
1943684159,145.59.138.97,238,NY
1200576962,109.194.62.47,453,PA
1376907216,63.48.43.153,468,NY
976062765,87.165.73.137,322,PA
1953741342,116.232.190.3,725,PA
1737211533,94.46.138.153,35,ME
1064861566,126.247.20.181,78,NY
823025043,224.22.170.18,734,NY
1152951753,92.206.190.48,824,PA
1087535981,80.111.62.251,810,FL
1886297728,13.233.82.190,102,CT
1937956820,219.16.123.4,178,NJ
675954517,151.150.246.80,582,ME
1256027942,82.169.186.118,345,TX
2040288230,146.251.17.205,667,PA
902645602,217.22.70.61,442,CT
2001029959,13.19.61.193,994,CO
1131654642,140.24.98.136,579,CO
803733875,184.29.16.62,232,CO
1876034040,17.12.15.248,548,NY
1371269922,247.164.88.208,537,PA
981353615,109.204.231.66,815,CA
1160362904,148.49.74.173,369,FL
1384920335,173.212.236.190,685,FL
939546734,68.206.154.110,645,FL
1082813837,243.136.54.3,890,ME
1941104600,133.29.246.245,739,VT
802251948,243.182.126.202,819,CA
1361290588,7.226.78.46,153,CA
1167991590,51.8.254.186,517,NY
1367789251,229.163.34.128,308,PA
1332580813,238.27.227.125,686,VT
2009849717,220.215.117.215,903,CO
1337025664,20.165.162.145,260,VT
1910345427,194.160.207.179,582,CA
1785131116,64.197.141.98,863,CA
1847975173,121.55.247.92,565,ME
1230274633,65.118.175.226,488,CA
1729156146,112.236.89.45,81,VT
2019279976,224.190.171.240,183,CA
1797321314,132.209.87.252,669,NJ
872409102,200.6.97.78,619,CO
1199672420,242.96.82.44,132,CT
1363073618,83.99.198.212,459,TX
787201692,247.70.216.252,56,NY
781750427,250.134.2.140,7,ME
826585654,95.153.16.222,377,CO
1958285710,6.201.34.169,326,NJ
1448105236,124.54.72.144,628,ME
1603065069,30.26.130.196,971,PA
1168501600,124.186.131.156,752,NY
1210963261,187.2.134.7,668,TX
1506586247,20.231.24.8,336,PA
1994945552,92.103.0.240,908,VT
1622182425,70.191.139.154,726,TX
2084410018,166.94.149.74,963,ME
1584390610,234.134.121.244,117,ME
1263873862,228.152.180.221,281,CA
920395471,173.183.247.22,536,FL
1264605310,146.54.178.49,263,CT
1578729388,54.51.31.58,272,TX
1277907840,40.132.100.106,404,VT
1869177346,170.137.69.13,249,VT
737676090,140.154.167.216,128,ME
1907482292,10.161.94.31,128,NJ
1372713277,159.169.98.54,299,CT
1351235193,29.26.92.188,555,VT
796946330,252.48.157.187,249,ME
1756991923,2.152.214.96,90,CO
750831200,214.131.88.152,142,PA
1372129783,125.91.97.220,715,CA
927713321,251.84.83.141,742,NY
911633465,150.150.23.87,965,CO
795532928,205.176.172.107,917,CA
1436811876,133.82.80.104,272,NJ
965085001,160.81.164.94,452,FL
1538519869,171.50.133.205,903,TX
1728805066,44.0.173.232,667,FL
1096469724,197.187.88.95,432,ME
1494243571,1.241.103.110,1,NJ
1994860947,42.28.214.55,921,ME
1275607525,190.224.40.106,627,ME
1408056792,135.31.127.14,869,CO
973721534,195.216.252.155,98,TX
1010734533,111.177.116.0,497,CA
1976776517,207.188.140.123,116,ME
1874170884,73.237.104.162,155,NJ
1511575270,54.235.222.82,91,PA
974242302,52.5.10.188,70,NY
967185023,135.192.157.73,797,NJ
1719733394,55.44.76.150,527,CT
1126972802,205.104.138.2,835,NY
1118500952,160.105.224.136,560,NJ
1293464148,179.124.109.8,654,CT
2034229774,90.185.149.236,163,VT
958975396,211.169.202.64,390,PA
1407971269,82.113.169.114,719,CA
806204952,34.247.22.210,716,CA
1176111486,210.123.35.98,311,NY
1409130392,154.11.145.102,236,ME
1277554259,119.184.172.247,283,NJ
2099722538,38.190.234.96,452,CO
1153249642,196.208.222.176,619,FL
1585534550,57.135.136.50,412,NY
1572277341,82.70.35.38,989,ME
1199232391,240.25.185.147,944,CA
781500329,127.168.180.128,718,PA
1122379911,46.179.123.56,489,ME
1873933127,159.83.159.235,733,NY
1023889526,78.200.214.184,79,NJ
1533582192,220.215.164.182,840,FL
1421696073,90.94.5.129,1,TX
725652300,13.135.151.113,465,FL
1185369425,217.76.39.71,403,FL
1403993529,100.83.237.171,57,VT
1008478431,23.171.250.24,490,CT
1191726353,120.245.103.136,519,FL
1134311223,133.121.105.183,894,PA
1268002092,249.110.58.92,697,NY
1513759546,33.107.55.124,969,ME
958715667,16.55.221.215,889,CO
2034719489,187.231.191.205,184,NY
1553727226,65.100.89.26,676,NY
775947499,238.87.228.35,902,CT
1736091387,179.53.190.138,887,PA
952091856,177.210.247.217,629,TX
852287052,81.216.141.17,46,FL
1599853709,48.81.78.97,668,TX
1934827755,153.22.186.5,279,VT
672095306,242.2.83.145,369,CO
891233345,58.216.206.217,864,CA
1683554371,61.234.176.237,286,VT
814248718,189.192.176.157,721,NY
1162718762,182.123.216.58,988,TX
765764463,170.202.156.200,922,TX
1049166267,131.80.198.38,892,ME
1073518114,165.92.217.19,713,FL
1692051327,30.133.221.148,904,VT
1408138233,246.164.242.89,522,NJ
1151782675,22.44.117.148,919,PA
1762035972,10.56.22.138,933,VT
1119340290,65.20.105.203,383,NY
703956637,204.82.148.64,135,CO
828092088,81.180.190.55,661,NJ
1749349986,206.110.25.225,828,CA
2019114915,122.61.42.205,343,CO
1487417272,54.252.24.41,523,CT
2017414274,207.108.181.72,699,CO
1551629083,70.144.25.134,364,TX
1685580484,209.181.246.83,757,CT
1152934525,60.104.17.77,31,NY
1820492859,70.136.6.165,365,PA
1466268757,132.154.150.185,36,PA
1767473388,6.12.246.58,657,CA
1504593649,245.165.78.76,19,CA
931544007,136.240.197.151,856,VT
1710240528,164.81.227.133,881,VT
1897336909,138.244.54.62,949,NJ
1684423437,88.68.9.203,967,PA
771945311,206.97.8.74,107,ME
1430036356,21.27.156.3,647,NJ
1898286047,232.39.81.182,681,TX
783031719,112.37.34.83,203,CA
1728004407,221.75.110.39,596,TX
2045092739,139.32.3.55,302,FL
745974035,46.217.61.12,985,ME
1205605409,74.5.45.101,666,NJ
637183071,78.5.22.181,37,TX
1122112235,191.56.33.136,253,NJ
1181330581,122.237.220.95,832,TX
1958670538,56.153.4.53,35,TX
1586431496,80.134.211.92,577,PA
800556267,16.194.140.104,192,PA
1417902821,106.210.154.142,954,VT
1353483853,188.128.164.246,865,CO
1745858686,46.146.128.33,436,CA
1877727335,120.67.194.11,132,NJ
1683331202,192.202.118.177,784,NJ
832339812,224.64.110.28,633,NY
771419971,34.6.19.89,122,ME
1838691836,164.37.205.199,802,FL
712724614,11.253.231.15,706,CO
1864275746,114.247.67.21,671,CO
1304852973,197.48.34.245,763,CO
1801098841,139.227.246.21,864,TX
1256790502,121.106.108.34,724,FL
2078825637,57.19.142.88,599,ME
1346868412,244.128.216.81,593,CT
1207989076,226.18.216.192,557,NY
1943055709,133.19.215.149,233,CT
702388155,13.182.65.238,173,TX
1323339973,187.5.117.91,434,VT
1022943483,6.51.129.161,698,NJ
842905361,65.177.21.121,63,PA
1146442876,156.136.209.28,938,PA
1397613800,239.143.219.63,610,NJ
1287398502,173.48.113.198,388,PA
1712261907,127.125.114.42,718,TX
1750789729,175.84.207.43,50,NY
1768253183,120.57.138.194,755,TX
761320314,235.55.178.91,924,CO
1776597393,152.253.172.58,669,PA
1250836871,184.30.153.238,513,PA
1063419582,252.22.51.224,828,VT
1438706258,107.151.214.17,402,ME
1282455578,70.90.77.178,187,TX
1980267075,49.73.20.88,609,FL
1312313383,177.75.45.99,648,NJ
1500229148,27.23.241.198,820,PA
798856688,27.59.190.137,281,VT
856439714,41.62.106.157,379,NY
849296479,12.184.228.171,145,FL
1424621708,28.205.120.211,520,CO
839022142,41.88.45.27,328,ME
1403631105,114.51.8.244,787,VT
1741930160,236.202.192.9,7,CO
687746887,93.108.123.241,934,ME
1059998570,172.244.125.125,33,PA
1758855063,73.25.141.166,560,TX
1231507862,178.113.211.118,652,CT
1403516352,72.198.101.15,626,PA
1402081759,129.70.137.11,83,PA
749699708,208.229.87.53,207,CA
1191202042,13.162.42.146,509,ME
2079499221,188.163.218.206,557,VT
986300805,48.89.196.193,931,PA
1043391598,138.205.118.176,473,ME
1106576889,111.49.71.222,680,ME
763008574,156.81.103.34,672,CT
1831577656,80.202.97.59,218,NY
1305696266,217.6.191.186,84,FL
1748502672,224.47.34.94,52,ME
1193765748,86.31.181.173,421,NY
810463992,70.69.182.154,385,CT
1146308201,90.35.144.8,540,NY
997722565,52.84.196.253,640,PA
1162006137,2.12.158.146,640,CT
791905792,16.200.55.153,180,NY
1208394678,189.135.242.138,450,CO
1175992495,134.206.88.98,591,TX
1080296831,21.150.221.159,906,CA
2022761412,209.2.139.216,58,ME
1830877087,216.119.82.139,730,CT
1568996423,71.112.249.224,37,CA
1187957607,52.67.230.245,784,ME
1452215097,157.208.245.106,68,VT
797344474,10.221.62.166,46,CT
2051780085,208.53.162.179,884,CO
1117464976,234.11.82.158,747,CA
1378609498,89.240.116.28,161,PA
1372057565,188.29.177.20,261,NY
680713230,65.156.8.228,725,NY
840347054,23.51.214.175,76,CO
660464442,9.169.56.186,772,FL
1395260401,87.89.79.213,80,PA
819442581,8.33.131.2,312,NJ
1979816794,76.47.190.2,484,CO
1334445570,147.84.86.47,127,FL
2114011535,221.225.119.126,921,NJ
1073875069,65.250.10.95,387,CT
1117175899,104.8.149.36,343,CO
815461437,197.152.22.130,342,CT
1216284664,22.61.217.58,275,VT
1324971666,99.205.138.33,863,NJ
1045235965,240.242.28.4,356,FL
1506449882,132.112.192.100,927,CT
1489878316,210.45.152.46,456,FL
1411792272,179.244.68.176,192,CA
1709205794,105.203.175.89,601,CO
2071612760,199.46.142.248,780,FL
726017878,214.232.167.121,997,ME
1461485610,128.192.40.122,546,NY
1366100989,166.229.74.196,240,VT
1469560542,68.235.240.53,138,NJ
1638248252,120.254.197.60,416,ME
885531454,238.16.184.208,70,FL
1375111139,160.244.36.5,771,CA
1905447676,216.172.99.59,717,ME
1466503669,67.130.119.239,896,FL
1611591524,34.6.247.32,798,CT
2032401454,103.151.78.19,171,VT
1997399785,211.176.37.99,697,ME
1413650024,81.144.142.117,89,TX
797768845,21.163.141.33,319,CT
702856249,225.111.55.74,673,CO
1012229715,187.125.194.244,751,CA
1388677644,3.4.134.12,692,CO
819339909,209.205.66.213,773,PA
1362691019,184.224.129.66,190,ME
819932177,169.65.50.210,518,FL
1519841295,147.101.123.156,240,NJ
1501741936,227.16.104.88,959,TX
789303190,75.157.84.236,863,NJ
1588203651,111.169.97.69,679,CA
1095662477,243.114.183.136,921,ME
2067229741,225.215.11.77,583,CA
819033211,152.86.185.174,341,CT
1624484936,74.33.208.228,929,CA
1174341519,214.17.154.110,334,CA
1574505616,38.54.168.225,793,NY
1954298864,36.68.200.156,725,NJ
944844720,31.92.59.248,928,CT
1416241293,200.64.70.210,231,ME
692331422,188.155.218.216,686,ME
1575792019,198.168.139.248,923,TX
864490601,32.7.168.35,627,PA
1482404374,11.155.174.175,170,NJ
1775247562,134.219.192.111,132,NY
1344778521,4.97.153.45,639,CO
1408868322,113.237.24.153,20,ME
1982579356,70.94.92.238,990,CO
674032448,38.85.205.105,728,PA
985187749,19.19.199.235,126,CA
1040523873,37.139.130.107,81,NY
2066611646,170.33.237.52,346,VT
650987035,98.27.129.240,523,FL
2103708155,34.36.154.228,911,PA
959414179,154.62.241.76,65,TX
746528324,4.149.206.101,113,ME
2061694910,18.36.44.251,406,NJ
948830799,222.60.2.244,496,TX
1266044469,112.217.167.78,735,TX
1954362458,247.130.40.43,143,CT
1097070562,118.254.215.36,724,VT
1886180635,55.104.99.250,82,CT
809212409,128.83.132.200,264,CA
1881484727,198.130.3.161,581,VT
1560948216,166.52.103.176,534,FL
1133114891,135.220.101.12,448,CA
924449602,33.70.123.241,202,NJ
1802585310,176.74.57.201,520,NY
1742027493,227.200.95.24,133,TX
1262547047,164.1.31.162,834,TX
1024211485,217.191.181.15,729,NJ
1401319188,203.5.145.189,542,CT
651428377,175.50.199.77,771,PA
637032961,51.114.213.173,954,ME
867641147,105.229.10.106,321,PA
1015472172,47.48.197.11,756,VT
819254002,93.114.140.200,294,ME
782212689,170.24.58.122,98,NJ
1700206345,81.109.53.249,542,ME
755831298,225.1.3.209,765,VT
1121724479,45.100.104.202,208,NY
1714276009,83.81.43.51,570,CA
1025950274,234.149.92.166,214,TX
1946298452,248.24.67.110,430,FL
1373932521,158.211.144.50,639,CA
2058226660,52.179.161.125,735,CT
1376284659,25.254.34.20,259,FL
896415527,242.159.171.47,772,FL
1889754456,168.52.92.218,311,TX
1316278377,24.243.226.166,631,CO
1500232281,111.13.96.121,851,NY
1718084040,151.163.88.7,618,PA
1066936061,228.58.163.134,246,CO
957573545,135.140.71.81,611,VT
1317527038,212.176.225.8,943,VT
1771219575,131.13.134.121,542,FL
1496841289,42.43.95.40,741,CT
1390170043,75.168.155.40,993,FL
1196926125,62.254.127.191,349,NJ
1934899188,127.28.229.214,173,ME
1253539932,62.152.42.105,209,NJ
1642228136,132.131.61.179,367,VT
741568502,89.111.108.248,400,ME
795515913,80.60.163.145,840,VT
1277344253,215.35.250.105,482,VT
720667265,63.71.111.36,302,PA
1053739090,35.142.115.29,259,VT
648990499,194.23.150.247,688,TX
1093386889,8.85.119.83,307,NJ
1127966558,24.237.190.41,164,CA
1754201388,246.115.111.182,802,CO
1857972097,48.96.130.196,299,CA
721963070,70.206.85.154,303,CA
1938883169,215.127.198.83,214,CA
711451677,198.125.165.224,484,CA
1240732813,237.69.37.239,322,VT
1257837965,32.69.71.46,149,CA
733454378,254.109.244.31,237,CA
1526061033,46.67.230.67,557,NY
839342184,2.50.160.49,828,FL
1405936113,235.173.177.199,235,FL
2022642350,206.97.222.188,717,CO
1181589641,163.84.153.99,769,CT
1986135753,192.145.94.165,431,CA
1003038220,211.251.114.36,364,CO
895984109,175.232.132.82,452,CO
1486517243,52.173.3.155,2,VT
1797301207,57.97.123.124,972,ME
1447140076,140.135.139.65,612,TX
1185692654,183.108.61.4,824,PA
885456142,172.59.219.206,247,CT
828658702,18.241.230.171,364,NJ
685170847,50.122.124.165,405,CO
1280030025,206.30.142.20,885,PA
769300563,141.166.145.107,58,CO
2051010688,116.117.182.31,819,CA
938605868,207.91.40.183,121,CO
838960314,189.227.138.81,145,ME
812496693,248.170.249.229,813,TX
2036730741,235.180.241.236,822,VT
1028304992,181.177.240.227,442,ME
1588059510,152.222.210.154,238,NJ
816097525,112.249.30.122,29,CT
1910537551,239.48.76.179,322,PA
1608347807,10.19.93.210,320,CO
1652691180,175.130.237.97,992,VT
1024389263,41.93.22.117,341,CA
1611201374,39.101.102.72,464,CO
1572507293,160.29.110.237,468,NJ
1388264508,80.207.20.161,124,FL
1863932405,189.21.198.67,671,VT
709440658,247.96.138.77,58,TX
732906463,40.84.35.28,861,FL
1482124640,191.189.147.177,771,TX
1802725432,48.123.154.253,527,ME
1791961937,253.245.22.145,66,VT
1632333635,22.33.190.113,878,ME
1980396329,146.39.89.7,656,ME
1660132629,227.29.107.179,190,CA
1756069481,51.196.153.138,442,ME
2079292168,203.36.89.248,286,ME
1736978189,19.220.33.95,120,NY
1624004213,122.112.188.179,317,CT
1508508362,166.144.16.114,290,PA
1933366083,78.75.99.39,490,CO
831880569,17.100.252.18,135,PA
1820641038,58.59.133.155,354,FL
1564036999,19.43.137.42,947,CT
1504371069,115.80.252.56,604,VT
851538013,216.74.63.139,3,CO
1933400241,243.89.225.149,488,ME
1376059593,7.159.145.111,417,TX
2062528107,67.217.214.96,658,TX
663271359,251.152.137.166,161,NJ
1976033228,68.146.142.235,351,TX
1295160292,228.52.217.89,105,VT
1697625282,33.103.227.240,237,NJ
680157082,119.66.139.8,568,CO
1754637745,209.223.146.15,824,PA
1035333287,1.39.243.151,473,NJ
1194580203,108.117.46.220,543,CT
1557996963,252.162.113.14,507,FL
1298466341,151.250.112.40,191,PA
1632849099,43.168.220.174,610,CA
1696686825,153.126.150.44,872,TX
1251309977,139.12.18.67,270,CO
1192101674,79.148.247.95,251,CO
1139426561,183.90.64.7,77,ME
1640820931,237.130.206.190,719,NY
1517433408,41.131.222.198,193,ME
654815620,113.23.26.44,345,ME
1671574453,174.242.6.33,828,NY
1950143937,251.72.105.50,288,FL
671762730,20.89.184.131,776,ME
1654988670,20.191.184.63,997,PA
738250702,25.227.49.221,127,ME
874278700,149.77.86.173,694,NY
1069102100,129.231.167.81,281,CO
951949395,159.177.100.236,610,NY
1503007585,238.156.141.124,249,FL
1135759871,172.130.12.126,141,CA
857148904,83.19.63.187,561,NY
1566055237,150.218.217.199,394,CA
1146073550,77.43.67.59,945,NJ
1218200410,215.56.98.175,290,CO
1170598243,189.54.81.36,825,TX
692436509,241.205.12.209,963,CA
1432954778,1.132.242.151,644,CA
1576119709,115.120.202.166,522,CA
1281595490,160.64.5.86,573,CA
1051577234,114.19.196.2,92,FL
1605037473,179.244.152.7,278,ME
928654306,58.73.6.108,301,PA
1882601752,205.233.19.71,430,FL
981657276,63.197.92.59,827,CO
1110348624,114.8.209.92,681,TX
724661044,51.77.100.150,245,ME
802956795,120.27.240.130,16,NY
955937987,118.178.50.19,601,NJ
983625044,164.181.165.49,948,CA
1748603895,33.6.202.16,521,FL
985551463,127.152.195.232,78,ME
1680024343,242.88.148.151,366,CT
1519729541,185.126.131.106,327,CA
1675825720,14.80.118.59,928,VT
1510184909,174.197.173.53,230,CO
1231199790,29.227.77.253,169,TX
1500561615,236.137.34.66,928,FL
1035453493,181.210.6.131,750,TX
781928068,235.240.6.97,648,TX
1834374915,127.193.101.111,67,TX
968409517,233.146.113.14,60,ME
984929315,56.253.10.58,655,PA
2045242652,36.216.151.114,403,NY
740397247,118.30.138.54,886,NJ
1565094906,184.53.22.159,450,TX
1868952755,125.73.221.75,815,ME
842431733,229.253.198.133,624,CT
945533375,150.69.205.208,550,VT
1126712506,176.3.213.181,217,CT
1921437762,37.113.182.60,203,PA
1565334599,27.198.14.156,46,NY
1061637042,141.175.170.41,221,TX
1966383176,18.103.158.137,342,CA
1180157848,14.170.107.95,519,NJ
1063682780,169.239.117.138,842,VT
1867705676,238.201.237.242,142,FL
1830722018,51.10.241.169,734,FL
1896733878,47.54.230.126,811,TX
1499701606,157.188.92.109,154,CO
1182487874,7.218.52.88,33,CA
1348934951,231.98.215.97,721,NY
1281514124,108.142.108.221,85,NJ
2037331307,204.244.196.5,845,NJ
1121756060,125.142.164.198,683,NY
815617411,227.32.1.6,621,NY
1355692175,141.183.169.211,65,ME
2066269433,104.198.41.162,466,NY
1111752594,214.134.134.136,52,PA
1281399743,109.39.96.34,916,PA
1023560827,85.197.202.41,710,CA
1065200164,35.171.218.136,792,NY
761656215,195.100.72.13,152,NJ
1498311810,145.172.172.192,278,PA
1124812004,51.224.7.157,105,FL
1009396842,148.66.3.78,160,NJ
2067723138,174.102.246.191,661,NJ
953422010,231.89.42.73,897,NY
1695860323,52.172.38.138,521,FL
1744242864,95.181.111.64,662,FL
1570452971,218.182.25.209,991,TX
1203285567,47.190.0.43,389,FL
745963771,6.91.143.8,959,VT
637082676,203.181.162.208,867,PA
2089510911,125.246.160.223,159,VT
1419502830,113.65.59.21,457,FL
1620918536,125.166.136.48,90,TX
825951164,170.65.91.251,794,ME
1308840216,15.8.78.113,410,VT
1905306191,141.100.90.214,633,TX
1212348599,38.16.117.38,902,PA
1229533138,199.238.33.224,663,NY
1076580810,45.92.154.17,531,CT
1491452908,192.128.18.102,219,TX
1072461521,5.236.113.140,387,PA
1357490921,221.6.105.85,675,VT
1551003016,196.73.12.153,319,TX
1377933014,252.157.36.100,93,PA
843717544,30.15.83.21,589,FL
870252690,99.185.111.193,201,NJ
1088244102,242.164.23.195,380,NY
1439587285,153.157.239.108,921,NJ
1231216780,70.91.60.197,876,CO
1268247258,250.227.134.34,912,PA
1401084212,99.248.232.74,281,ME
1512274334,175.63.122.156,985,CT
1347320356,228.119.152.249,701,TX
1241859279,163.67.36.70,11,CO
921624251,54.148.103.135,56,NJ
678011402,235.28.229.57,138,TX
1264511669,181.217.6.217,357,TX
1348795720,79.33.64.200,567,CO
1031697313,189.41.47.23,736,TX
1696657706,19.161.117.48,487,TX
985738916,152.196.211.238,838,PA
1982524546,84.52.104.31,274,PA
899153849,47.178.87.82,426,NJ
662643184,63.56.119.140,698,CO
1107184654,128.53.6.194,57,ME
1707386140,205.38.87.193,801,TX
1777509466,197.206.31.158,536,PA
1893239468,129.180.38.65,602,ME
1987948548,133.84.121.212,535,VT
1801133818,233.17.106.75,352,CA
1391089561,14.100.223.236,814,CO
647176990,136.74.85.243,565,NJ
1913017543,150.57.145.201,190,TX
1847869644,19.173.181.91,177,NJ
908923670,36.197.176.132,137,CO
1519267150,68.170.225.248,349,CO
1039654635,86.5.110.45,596,NY
1308449893,186.229.120.49,993,PA
1584334763,66.157.23.80,384,VT
1419347427,80.188.217.42,979,CO
1269048170,179.139.228.122,662,ME
1181133574,141.86.83.232,104,ME
1784261756,189.69.208.109,86,PA
1047990764,207.5.210.216,43,FL
1525825454,184.73.38.178,928,CA
1349916826,109.179.175.181,717,CO
773490559,223.236.148.166,632,CT
1718747348,251.19.60.244,250,PA
1697371792,108.242.3.57,388,FL
1522028250,134.193.150.119,944,CT
1251163140,209.222.70.179,345,FL
1193115523,235.120.159.29,751,PA
1201461218,207.206.136.144,935,FL
1521520476,211.20.12.18,229,TX
911503104,120.226.194.2,315,NY
1705858042,246.227.153.252,671,ME
760645630,126.11.170.43,65,CA
1964293180,177.195.93.180,473,NJ
1272892602,13.20.149.149,824,PA
1469773441,2.51.115.141,66,NY
2114080798,105.60.173.3,211,ME
753598544,123.229.91.51,622,CT
1298648589,213.80.241.216,354,VT
2020726324,91.73.236.107,259,PA
958482791,15.179.109.6,502,PA
999778590,161.147.131.125,585,PA
1721563468,175.45.13.54,262,TX
2047757199,202.254.170.50,295,TX
1123267100,20.248.96.170,343,CT
1454644696,244.39.12.210,87,ME
1905184481,44.38.39.116,69,CA
1530135205,201.251.115.101,244,ME
1680485881,243.80.182.54,309,CA
1117594378,182.207.248.248,524,VT
1959522068,55.253.145.200,130,CA
966296283,56.204.81.104,665,ME
1988620874,141.209.68.181,498,CT
1221195889,74.18.89.119,902,NY
875810277,217.98.12.143,386,TX
1837229023,30.224.150.233,534,FL
1489442043,1.232.59.39,965,NY
1023128259,69.194.104.208,201,CT
1561799957,110.197.34.198,432,ME
1177674400,116.121.72.224,33,FL
1485781995,10.175.3.141,199,NJ
938762298,10.253.133.164,229,CO
971897212,33.120.121.129,727,VT
1138130558,237.168.85.70,393,NY
1153219886,251.128.163.46,508,CO
1274905872,135.143.214.238,865,NY
1310486026,14.222.162.208,515,PA
762776197,127.120.94.4,267,NY
1328605146,156.49.61.65,896,NJ
1571094336,211.29.219.244,752,CA
1727043338,198.233.55.119,785,FL
1194956706,165.83.24.5,612,ME
883917226,169.92.110.227,333,FL
1749731824,126.125.217.198,396,CT
1206769949,39.101.169.196,215,CT
1170735544,111.231.241.82,311,NJ
2044374970,174.62.117.211,564,CO
1740052722,172.195.210.232,56,PA
1650988611,210.61.6.78,1,ME
880350916,125.20.70.6,397,CO
2017778945,166.247.65.74,603,CO
1571846055,1.229.98.234,846,CO
1677633476,231.162.167.15,128,CT
1966735176,185.182.157.144,576,ME
1077337526,44.145.17.144,404,VT
709826398,225.128.108.215,944,NJ
971997487,100.5.221.99,274,ME
1974178645,11.182.121.73,632,CA
1988059697,157.6.102.161,78,CA
1568250314,45.254.46.203,688,NY
1897699182,43.26.202.106,76,PA
2069297587,139.132.159.157,609,VT
1184181823,67.166.178.0,116,ME
2020337883,52.80.143.61,311,VT
887089800,178.120.155.87,251,FL
1313450949,95.187.8.38,853,CA
839207388,181.232.239.65,110,VT
1839326514,137.202.254.69,865,FL
1600822717,157.49.173.129,175,PA
1526150719,52.75.4.160,18,VT
1906500752,127.67.58.171,193,ME
884217138,250.218.174.247,81,FL
1524681333,95.30.151.83,748,ME
1182842281,43.115.24.61,908,FL
943357272,20.162.24.75,609,CO
922776561,202.212.175.226,752,ME
1194534587,105.64.207.7,617,VT
1240454472,55.210.11.37,744,ME
732979215,209.92.45.5,822,CT
1980672344,7.116.106.39,742,VT
1215814211,71.105.65.239,614,VT
1559784411,171.60.26.38,937,NY
883204351,32.237.191.177,951,VT
650760263,129.64.38.91,543,NY
1348460076,148.128.62.9,796,TX
1978818122,7.99.103.224,604,CT
1765915370,254.116.253.62,449,TX
1817566350,12.32.245.37,796,NJ
2013243180,198.44.229.101,59,CT
947767117,139.91.246.233,494,NJ
1955080156,98.102.248.76,468,FL
1020199481,50.87.163.239,163,PA
940385681,33.251.200.144,240,CT
931212393,130.96.155.135,615,NJ
1784268143,77.180.57.187,492,ME
1687194866,32.66.58.80,437,CA
964279693,216.128.203.27,953,NY
1909933036,187.226.144.25,958,PA
770387412,134.50.176.158,745,CO
941076830,93.61.163.18,997,NY
1940787799,240.111.27.124,582,ME
1346065447,91.114.169.189,624,NJ
1406637615,92.185.91.65,183,TX
1401102116,228.231.158.149,248,NY
1860456843,61.212.103.79,534,CA
1102006421,16.126.60.61,187,CO
731339683,130.247.245.204,518,NJ
879432756,88.231.146.56,926,PA
1921925237,79.142.63.166,658,PA
1722893138,168.42.65.59,742,CT
1622931194,171.56.163.124,131,CT
1253692185,157.135.71.224,863,NJ
1267302702,139.147.184.199,416,NJ
1676919497,182.20.73.46,944,CT
842997825,77.192.244.245,457,FL
1035534083,175.152.176.107,355,NJ
2000870144,225.169.193.88,301,NJ
2037153248,203.115.254.125,301,FL
2066934896,201.118.122.173,684,CA
1356439069,38.220.221.15,148,NY
1499905410,240.185.243.73,813,NY
2107673736,15.136.127.209,903,ME
877186956,242.199.154.151,75,NY
816782415,69.195.196.75,362,NY
1417526422,124.48.105.39,422,TX
1867477507,75.217.190.210,564,CA
1679211886,143.81.76.196,872,FL
938504201,114.239.135.208,93,NY
1679769647,211.192.85.68,965,VT
1672372047,130.46.2.171,860,CO
984570972,115.99.147.248,651,CO
1462718542,144.64.178.186,555,CA
1056173219,163.112.175.160,734,VT
726375159,175.16.34.212,650,NY
1424828333,134.66.133.198,314,ME
981828276,148.250.52.126,732,PA
835865202,180.14.140.169,212,VT
1926252743,196.63.11.86,206,VT
1542248536,240.52.25.215,26,TX
916605203,34.22.232.189,401,TX
1452336520,122.34.48.89,859,CA
1689888511,73.171.76.75,609,TX
820247894,172.211.30.133,637,CT
1137800214,104.54.10.201,897,NJ
1308069794,96.242.204.108,988,CO
848440536,228.17.67.15,392,CT
1177825827,192.148.57.184,851,CO
1113348124,211.73.190.204,459,CT
2009993170,85.250.158.189,289,TX
1366293623,240.150.6.175,123,NY
1260204807,201.194.151.120,214,NY
1108322322,220.89.153.162,730,CT
2076896776,109.14.7.125,484,FL
1261915161,185.132.72.15,151,TX
1723510720,122.208.229.172,664,CT
1161103579,21.69.160.183,148,CT
1105092500,225.152.122.4,703,NJ
1094243690,119.243.37.231,468,CA
1565932068,69.3.179.24,227,TX
1486540239,209.99.25.142,839,NY
873135519,222.251.143.236,277,TX
728805441,53.13.180.198,705,CT
1389286966,45.203.233.175,424,NJ
2085301658,22.55.45.158,212,PA
1246170333,223.169.165.158,502,ME
1775975106,233.239.121.70,953,NJ
1382943385,80.51.194.242,987,CT
1853243643,104.215.22.136,567,PA
1770379645,80.114.1.237,480,VT
1190200749,2.211.60.225,742,PA
1973163265,69.118.36.119,653,CT
2008471532,127.80.193.211,712,PA
1228912049,64.149.147.48,701,CT
1362719840,222.190.100.175,285,CT
1572839141,9.23.204.152,529,CT
1107082853,32.34.211.193,976,NY
729812613,32.245.170.212,25,FL
1541542238,12.27.157.96,289,VT
2060380039,204.56.252.26,734,CT
1927300979,202.35.101.69,669,ME
831413431,19.65.197.39,419,PA
1533101626,179.119.73.70,827,NY
2035867412,50.247.189.116,156,CT
1771454257,54.192.123.155,409,PA
927787173,1.198.239.77,480,NY
1077653144,95.108.88.249,978,CO
1334256326,162.197.45.165,493,CA
1951184460,123.38.234.16,573,NJ
1760022390,162.34.128.45,376,CA
1885535409,233.194.32.10,902,CO
916379507,66.11.25.171,149,VT
790722006,138.210.250.38,1,NY
1739334252,132.29.225.180,74,CT
2049994624,26.230.180.28,116,NJ
1568310783,30.241.98.66,79,CT
1370095268,103.90.65.208,800,PA
1000443718,196.89.195.154,109,CO
1050271210,249.82.193.163,55,VT
1649735534,233.177.94.25,755,TX
664531333,54.52.168.39,598,NJ
1870483147,89.174.164.224,182,NY
687921702,90.246.94.174,769,TX
637528498,191.85.40.253,182,VT
1070378883,71.30.11.251,232,VT
1899943393,206.178.232.217,572,TX
1613207643,229.198.131.38,473,CO
718343129,225.51.186.163,91,FL
824255166,190.0.168.29,615,VT
2098072937,131.36.160.129,80,NY
1198746321,238.108.107.12,363,ME
1146730589,244.201.6.31,697,CA
1302759392,182.104.151.53,788,NY
1105691752,174.236.112.193,501,CT
1855005197,123.132.254.15,426,CO
1718749427,170.110.92.183,44,CO
2077922887,32.145.5.78,692,TX
1973122959,137.125.205.58,660,VT
1416253383,142.243.93.144,290,CT
2077982945,85.229.216.55,828,CT
1517701468,170.135.249.125,519,VT
731603318,172.22.241.224,281,NY
1531769930,235.50.191.85,687,NY
927920710,21.42.206.97,579,VT
1746384415,151.26.78.155,687,PA
796113226,149.151.184.233,270,FL
1529078619,253.57.146.45,12,NJ
2006937338,85.166.155.231,236,FL
1331191799,177.214.180.76,168,CA
1251147680,81.229.148.39,472,ME
1199908707,168.51.188.116,837,ME
1554100611,233.195.117.176,609,CA
1075624308,108.63.209.76,599,FL
1483438110,0.19.43.195,20,NY
957183833,172.120.34.26,833,NJ
807424277,252.58.229.3,432,FL
1209374062,89.86.211.220,95,TX
1046974411,78.1.127.34,906,NY
1723932405,222.151.128.124,865,NJ
974168516,114.117.206.152,632,CT
728925792,79.30.91.64,56,CO
690517962,220.6.170.23,458,VT
1790179509,22.211.24.25,432,CA
656993144,133.16.46.181,229,NJ
1676636532,192.9.146.165,19,VT
1667430188,14.68.190.58,972,CT
1585202779,46.23.203.237,759,NJ
1950053021,133.125.238.204,856,CT
1167957995,62.207.122.211,168,VT
1177740869,246.168.60.33,515,NY
1214359429,79.222.240.93,694,CA
1330772704,236.81.217.252,69,FL
895540962,134.211.51.14,201,CO
1518364848,96.139.137.198,528,TX
1640990157,169.134.111.153,333,VT
1998278636,148.171.66.121,916,FL
888059208,112.239.108.249,865,ME
1772187895,163.101.91.198,298,TX
1759856687,113.170.23.232,867,NY
1938013146,82.217.80.90,620,CA
877927609,132.218.104.85,897,CA
1611174032,69.11.213.20,214,TX
2000899674,68.125.30.55,292,CO
1258237062,250.231.209.137,678,CA
1446875153,254.101.193.81,873,VT
766084915,160.233.207.66,15,VT
1746036781,196.45.181.218,412,NJ
673485253,35.241.106.120,512,NJ
786412047,156.127.0.246,320,TX
1341748281,92.110.65.91,542,CO
776453745,5.17.232.243,165,TX
1520677713,25.26.144.217,403,NY
1689412532,12.188.212.184,418,FL
1325185128,55.18.35.116,911,ME
780418184,67.224.59.152,746,NJ
1077803243,178.17.168.74,4,CO
1416624579,71.246.47.201,374,FL
759254988,63.159.153.129,239,FL
1891912323,242.66.204.185,191,CA
1336825728,61.171.127.253,604,NJ
767926168,62.138.241.123,928,CA
1523090762,233.219.242.8,718,CO
975043132,96.101.15.207,218,PA
1005141878,107.195.210.222,284,CT
1580368235,52.52.37.39,674,CT
1514643038,26.12.200.153,699,FL
1239900598,70.60.139.142,586,CA
1486666978,185.79.159.122,728,CO
900867596,115.8.190.244,772,NJ
2079497304,205.203.125.175,312,CT
1482681961,140.59.103.89,864,FL
1921147674,199.181.37.192,483,CT
1732488761,44.237.0.163,918,TX
819365586,45.121.158.4,353,FL
1670207513,65.174.39.88,736,ME
1245321000,9.148.223.42,632,TX
1738233163,74.248.110.62,19,TX
1530388277,5.216.47.71,530,CO
1444192816,2.88.55.77,733,CO
1438993652,14.26.125.21,466,NY
1276266807,130.227.52.23,119,CA
1787801765,218.137.254.98,614,CT
1847398165,235.134.250.239,962,TX
898851448,39.252.191.22,396,CO
1357901525,239.15.244.210,153,PA
643952427,220.106.116.67,60,CT
1694566761,242.194.199.66,777,ME
1317582467,22.105.58.128,291,VT
1424389250,97.6.214.164,813,CA
1348337503,72.234.250.44,699,ME
1719078671,21.167.117.185,178,CT
1448495947,232.24.118.115,1,NJ
1201603862,81.208.25.200,486,NJ
740701844,227.177.1.206,178,NJ
1039141698,137.32.189.223,812,NJ
958669589,128.31.11.44,582,PA
1889967828,166.87.58.11,364,ME
2111885759,82.209.113.12,91,PA
1497131168,161.141.113.242,457,FL
2038401726,221.90.112.165,740,FL
1830654899,225.48.206.122,952,PA
875964503,136.227.51.113,620,CA
1327985795,139.179.45.126,335,CA
1137080293,126.49.184.20,590,CO
2026194197,185.112.91.169,452,CO
1705822930,194.69.247.21,195,CA
792234209,129.167.140.1,234,FL
712392534,38.215.217.53,55,TX
1165664639,119.227.1.242,228,CO
1879090845,23.18.230.168,490,ME
1761572211,165.247.217.152,691,PA
765185051,147.138.63.37,253,CA
1117139943,223.151.245.192,495,ME
1091371328,13.177.180.71,290,CT
936638303,34.66.228.109,724,VT
731160079,187.184.102.81,627,NJ
1932835883,75.200.114.116,959,FL
2111951412,248.14.117.50,837,TX
860091547,5.67.134.14,826,TX
1455023553,247.82.170.214,967,CT
1851132999,48.4.91.147,582,TX
708764508,227.6.5.94,251,CO
1199891306,254.3.75.88,47,CA
884917607,97.33.205.226,724,PA
1557651399,46.149.162.208,843,CA
1650594237,189.178.39.115,958,VT
1225592063,112.190.49.87,904,VT
1264573565,209.72.227.176,442,CA
2065665913,25.39.251.173,958,NJ
1598108792,199.136.104.99,714,CO
1688625533,223.240.169.167,45,VT
1981635338,128.27.94.196,565,CA
1331217410,77.223.235.11,260,TX
1752955776,222.97.239.158,759,NJ
892625906,243.47.178.16,332,CT
1742397450,99.241.207.26,267,CA
1001634928,145.129.73.109,51,CT
1307802845,23.208.76.70,156,PA
2057728459,212.84.214.163,482,CT
1274490525,76.96.213.95,844,CT
1793022472,178.160.8.51,873,TX
729046903,84.229.52.154,503,NJ
1478457579,77.75.228.16,360,NY
673620775,190.90.244.188,36,CO
1993400063,58.68.57.209,579,PA
694890512,36.228.164.155,172,PA
2064636829,39.54.73.130,265,TX
1078066747,250.163.183.105,914,CO
1312031160,42.45.81.207,243,CT
1124653313,207.140.66.16,715,TX
1223930049,166.34.106.244,284,FL
1547276687,198.224.107.51,63,CT
837234493,167.249.156.55,620,NY
813607406,4.28.9.44,708,FL
1924705299,246.64.28.128,249,PA
1826293864,85.175.116.54,801,CT
2067267083,25.115.143.251,43,VT
1937201242,25.189.9.13,617,CO
1260690151,5.97.216.2,780,NJ
743547800,15.152.36.130,578,TX
1549095449,59.172.31.62,791,ME
1030429866,99.84.157.36,864,TX
749423797,222.161.103.28,678,VT
1169382776,5.69.31.47,256,NJ
2060069706,196.141.94.29,991,CT
856848121,226.122.55.183,251,VT
1175224056,36.92.211.103,752,CO
2090468193,170.201.56.194,697,CO
1726349478,115.68.104.159,419,CT
2028936623,254.39.175.147,900,FL
841126263,49.137.110.230,97,NY
1100172275,147.239.172.120,322,CO
1938745969,49.72.40.29,451,NJ
709289859,86.31.186.163,151,CA
1444922358,219.174.31.64,183,PA
1663350626,57.99.72.129,518,FL
1884427224,156.99.6.43,605,VT
769026494,134.155.84.33,260,ME
1350932309,97.249.160.166,996,NJ
703668420,248.87.119.113,157,ME
1266997932,19.48.252.151,538,CO
1389436839,237.101.19.84,624,ME
1074626547,35.245.12.164,128,CT
1478517585,160.85.31.138,355,NY
1256808626,109.38.72.136,48,CT
738397491,205.31.82.177,37,NY
1142431028,200.21.4.48,953,CA
1391656151,86.27.212.46,41,PA
2078737883,239.164.2.89,551,CO
1604087357,96.120.245.121,215,PA
844422060,201.65.229.31,366,TX
1213651662,39.76.165.191,156,CA
1276038665,50.72.201.72,874,NY
1881901404,110.144.87.176,672,PA
1464447187,208.163.209.178,154,ME
1570489060,248.12.147.77,24,VT
1300603639,15.181.102.21,804,NY
1800960049,201.135.95.157,529,NJ
2103817159,43.156.126.201,296,ME
807159623,54.194.234.28,413,FL
1341945941,60.26.129.93,185,NY
1432167628,102.63.228.169,25,NY
1354719350,37.52.7.239,112,CA
1594267129,222.18.166.17,651,CT
1179708957,158.227.159.175,813,CO
1561461769,221.216.38.168,252,TX
669312527,215.232.233.84,798,FL
1064067000,180.91.5.188,410,NY
1173468753,204.47.245.0,26,VT
1709315563,31.122.163.161,524,NY
1485418659,12.22.8.231,924,CT
1551057639,45.208.70.244,832,CO
1302848120,247.34.120.201,819,CA
1294668575,187.43.169.96,539,ME
1050783131,47.30.28.104,677,PA
1495085147,167.60.9.16,723,FL
1797794805,73.178.88.67,882,NJ
1020382944,217.82.55.184,953,FL
1647488449,223.194.209.116,496,CO
1304666764,27.166.19.102,800,CT
2071423244,120.188.217.230,733,ME
1097209075,62.137.46.150,409,CT
1190129808,37.121.92.162,709,ME
1961574193,134.128.192.250,806,FL
1209424437,176.15.183.211,719,NJ
1469139445,123.79.92.170,492,ME
1846030021,102.156.10.9,587,PA
1250433507,133.78.181.30,806,NJ
1470899014,178.104.28.246,845,TX
1268228714,116.125.86.59,941,ME
1660529003,60.67.207.107,591,CT
974175278,121.163.124.225,72,ME
1096765354,4.159.53.209,604,TX
2013005584,154.81.107.23,301,CT
2044989866,119.216.245.66,377,TX
1520736115,125.58.119.123,891,TX
990933064,216.151.29.18,718,CT
1223572481,193.47.32.101,611,TX
1866588167,254.246.185.207,377,FL
1965480829,110.58.153.81,284,PA
2008708044,143.9.94.209,832,NJ
971427136,69.42.199.170,226,VT
1742247914,144.222.249.254,20,NJ
1207733760,112.246.227.199,900,TX
2064528908,199.65.239.250,130,CO
1098074157,175.131.196.1,35,CA
889090585,169.173.131.166,800,NJ
893051542,236.163.170.129,267,VT
700936894,23.54.171.38,592,VT
859585841,236.5.228.106,784,NY
1009124965,25.225.110.75,408,CO
1084705124,77.119.68.228,223,CA
2006244113,172.131.7.203,390,TX
1896555429,18.114.215.164,537,NJ
965332319,207.143.54.32,381,CT
1496098030,235.39.211.95,817,NJ
1941735548,192.81.31.238,247,TX
1499995597,222.57.235.31,3,NY
933308897,246.152.221.172,263,TX
1307338113,160.95.26.219,319,PA
978932161,202.215.94.153,814,VT
1281693368,41.93.187.84,982,PA
766148024,165.38.140.84,766,NY
1718399275,189.3.168.157,477,CA
2021759235,56.106.168.131,512,FL
2111330673,168.10.98.9,184,PA
1300918370,243.28.227.14,269,NJ
1230038577,6.7.214.109,765,CO
1952252961,206.101.40.191,24,FL
1312787464,102.58.46.49,948,FL
1786023704,126.155.51.15,845,NY
1521264137,173.194.217.59,871,VT
1155052038,160.251.8.86,621,CA
1751466657,7.245.101.156,686,TX
1021079287,190.245.155.56,839,PA
1112830600,29.6.179.9,567,ME
810110766,79.105.190.129,189,FL
1049618520,123.254.101.19,662,NJ
677675399,196.50.108.189,446,FL
1057318026,122.97.241.48,233,PA
1048245811,154.107.89.170,362,CO
1827978514,12.92.97.195,400,FL
1122928160,14.243.126.175,85,CA
1549839244,198.241.25.73,129,NJ
1067873413,138.37.47.14,539,TX
1119476684,229.192.184.98,874,ME
1693326201,162.219.148.66,735,CT
1688017676,203.47.221.229,977,ME
1847527437,198.195.173.241,484,VT
1296996159,10.31.146.28,830,CT
1366795483,13.117.230.148,261,CT
852941796,94.32.217.233,972,NY
753014034,140.253.71.187,724,CT
1595200946,220.42.224.25,198,CA
1041117306,106.69.83.77,84,CA
1033765296,109.48.19.114,480,TX
1533078971,20.81.88.0,517,CT
705405457,202.141.198.9,266,NY
1094129219,49.155.118.124,200,TX
1673122504,146.246.91.57,709,PA
1821145470,168.22.130.251,443,CO
1511247341,75.173.62.84,222,TX
1866525571,175.212.136.137,115,ME
1989838623,221.189.79.39,286,CA
1384698432,135.243.75.234,616,TX
867594889,222.82.8.82,378,ME
1527233448,70.169.142.194,425,NJ
1934731127,104.108.61.92,393,FL
1464958883,24.6.105.61,505,NY
1987931444,240.85.180.96,548,CT
2113098990,110.99.194.72,490,TX
1434954554,162.193.135.149,551,CT
1875381936,19.251.4.19,409,NJ
778845987,210.141.43.41,159,FL
1748998773,226.58.179.83,154,ME
1986144175,184.21.14.40,30,CA
670150925,24.105.80.159,428,NJ
1175290200,59.48.70.52,641,FL
635505033,110.183.157.41,832,CT
1473804080,193.130.54.35,408,CA
2011669622,168.219.157.29,58,TX
1004511569,185.62.40.140,135,NJ
810258989,7.67.209.221,811,PA
1851547030,253.15.74.23,257,PA
1151595863,222.160.192.253,98,ME
685888455,24.223.188.74,13,NY
1362749647,36.144.72.248,773,CO
1859091118,233.119.61.115,408,TX
1307726863,84.141.16.175,703,CA
749402376,129.144.136.191,293,NJ
1503768975,138.173.12.104,246,NY
1224770301,176.171.15.72,814,ME
1336572010,230.5.65.194,755,NY
2080176202,69.83.41.163,571,NY
1993769496,206.76.94.151,240,CA
1155970410,203.11.245.236,925,ME
977490694,134.206.156.69,301,FL
1027479211,27.155.60.8,580,NJ
1786399156,132.119.157.50,518,CA
1190894785,175.243.172.44,131,CT
1691398775,253.95.246.118,781,VT
1615870833,82.21.247.158,885,ME
1005941301,64.237.142.236,974,NJ
857571165,112.135.122.193,709,VT
1965357151,36.13.241.21,622,CT
932025404,123.70.119.73,55,FL
984052885,35.106.245.24,380,NJ
1215591237,170.97.185.49,455,PA
1117115765,195.167.237.136,972,CT
945757858,46.171.51.172,784,VT
1254341857,3.66.188.182,631,NY
899963274,190.165.250.179,313,ME
1312530620,78.137.23.204,459,NJ
1824235474,86.92.116.239,418,NY
1077201765,188.243.115.204,802,CO
1811009817,64.225.14.216,604,CA
1753911742,213.156.105.1,684,PA
1475546666,149.19.29.128,383,FL
1235616197,7.105.131.38,425,CO
1054689497,207.250.148.199,927,FL
1417869873,181.84.123.171,956,ME
1802832606,193.33.52.103,770,NY
1653352317,220.130.173.139,138,VT
1731590601,251.187.64.40,319,CA
850434160,106.56.132.191,807,CA
1872109861,173.203.97.102,205,FL
1081831122,179.192.6.25,803,ME
2080761005,140.137.249.83,359,NY
1130696852,167.126.125.85,548,ME
1995253057,51.11.61.2,175,VT
1026241417,104.85.185.179,873,CT
1537362772,148.253.219.93,97,ME
1394064563,76.50.130.254,211,TX
1776834751,196.0.204.181,371,CO
2065787146,217.22.14.29,955,CA
1881520779,124.147.126.100,695,CA
2005126030,124.30.185.187,181,CT
2052724421,128.43.215.234,14,NY
1315500990,226.114.198.75,865,NJ
1259911166,87.82.15.206,850,CO
1957950680,181.16.181.25,526,PA
1828881937,83.198.167.236,328,NY
1385943904,89.57.58.122,6,CT
1600270921,182.145.72.186,460,ME
1061199394,159.118.44.98,96,ME
772499702,89.47.191.199,471,NY
716088017,137.139.185.42,371,NY
1554056647,158.211.100.246,876,NY
2066508269,166.139.187.209,581,PA
736097470,137.120.118.170,19,CO
822311791,122.186.100.67,804,TX
693340791,43.181.208.139,615,CA
952027068,82.161.110.47,594,ME
1240933370,164.189.250.44,882,CO
1677570795,33.158.7.169,474,CT
1919398274,0.25.240.213,673,CT
695462450,122.241.217.157,852,VT
1478042600,222.170.22.164,623,CO
1086316088,31.209.84.8,337,VT
1614127372,32.2.208.222,197,FL
1421431232,53.116.52.145,428,VT
1087907845,165.237.143.83,561,FL
1500903822,56.69.135.181,483,CT
1183881213,151.25.171.178,859,PA
1796271992,73.213.192.152,734,NY
1444992138,92.131.43.129,189,TX
828550698,245.184.247.254,97,ME
1027841717,29.34.141.190,440,CA
1919802752,221.175.103.248,612,CT
859402076,158.203.29.194,289,NY
1681921131,222.193.135.217,832,ME
2034446906,135.99.125.239,151,ME
1072108096,188.95.167.4,831,CO
2017010777,243.211.67.26,874,CO
763554340,127.211.185.244,528,TX
1279947858,228.189.206.81,850,TX
1586663996,18.133.171.105,367,CA
1036375363,73.75.83.151,555,FL
1325105466,162.244.192.154,629,NJ
1084648799,203.18.200.165,791,CT
1862687803,191.187.31.165,2,CO
1841387253,216.28.1.186,193,PA
1079914115,202.93.65.48,189,CT
733453907,24.69.21.117,264,FL
896901629,56.157.185.46,943,CO
1805727400,253.228.233.206,71,VT
1047590092,183.231.219.17,404,ME
1883227205,156.55.216.134,123,ME
1620737536,211.86.215.231,88,NY
782501881,125.112.205.85,675,CO
1510653660,24.84.25.121,211,PA
1222127203,235.154.141.149,607,CA
1972582857,245.245.190.11,88,CT
1577824751,108.215.151.169,431,ME
1216236769,138.164.88.121,395,ME
1690197875,13.153.13.47,591,CT
1881501374,186.252.41.70,488,NJ
1783516794,132.207.62.178,567,PA
1482863580,145.218.78.146,967,PA
912758185,7.190.124.167,25,CT
718234526,131.253.12.123,615,CA
992699614,72.180.102.105,911,TX
1079918490,213.65.10.178,856,PA
1197347833,247.62.244.62,9,CT
1462165776,70.59.105.196,149,ME
665017257,179.0.27.73,657,NJ
1200896282,12.134.215.31,747,NJ
1215844402,102.172.127.238,102,FL
702603485,60.124.153.212,743,CT
1629833238,249.124.162.19,107,CO
1487394889,66.97.90.145,645,CA
1333263638,177.100.217.118,332,TX
1930166659,79.77.78.50,448,CA
1131341345,210.47.171.148,174,CA
1985303317,250.89.207.251,558,FL
1401244974,109.101.192.24,802,NY
914405680,4.121.39.222,171,ME
1850395977,143.207.25.55,232,CO
2099587517,236.109.128.6,963,FL
1910426047,31.52.123.235,141,ME
1110932949,183.132.79.135,843,NJ
751341924,191.69.231.191,42,TX
1968887088,59.125.228.75,875,VT
1055158039,122.120.33.236,478,CO
1697430765,212.182.227.81,35,CT
1587032500,173.37.251.38,7,CT
2030266844,16.81.17.134,442,VT
1175833194,47.86.10.176,807,TX
2098272875,15.188.154.172,803,NJ
1614437410,177.41.232.157,240,TX
1256496890,227.127.85.75,521,PA
1285480854,64.139.200.196,932,NY
1289189345,203.65.41.86,786,TX
1318718218,113.127.179.239,369,NJ
828354171,166.253.135.178,508,CT
685144864,203.118.103.96,809,CO
1889999406,91.148.150.13,143,PA
1662869707,245.249.105.232,576,CO
1071719977,70.190.161.32,422,PA
703347240,249.133.50.108,460,ME
2075641529,224.41.36.103,899,VT
957061759,213.5.4.147,950,TX
2031997593,32.236.30.231,155,VT
1437399644,28.239.7.240,325,CO
896615384,184.3.15.149,849,VT
1243696703,217.133.185.208,485,NY
1419210459,224.26.10.129,986,NJ
1838592608,113.128.170.234,220,NY
1551439599,146.250.3.195,114,CA
1554581948,196.254.38.227,595,ME
824585412,235.102.139.234,227,CO
1557624902,36.197.211.110,719,PA
1550702213,163.204.162.19,979,CO
1433374458,151.84.115.104,510,NJ
1421431327,90.242.94.52,293,FL
1325124455,143.29.138.192,642,NY
1025914340,41.56.15.183,655,FL
1232659697,35.74.91.49,765,PA
1209973796,103.239.15.11,614,PA
1704711828,124.206.128.116,754,VT
1723734306,112.219.91.202,957,FL
674096418,103.135.210.54,803,CT
1009889611,149.178.118.253,916,CA
1731196022,241.93.172.163,809,ME
1992588069,214.100.99.20,267,CA
1568764208,14.224.98.5,677,CO
2046780822,49.216.242.163,716,CT
1814584468,90.115.10.188,171,FL
1575484159,160.90.108.240,556,CA
1439833536,111.203.118.161,885,CO
1433859726,202.227.79.7,288,FL
1990490913,171.197.33.224,374,FL
1430345772,116.179.202.63,594,CT
1534566641,123.222.17.247,361,ME
1062392595,117.232.101.21,370,CT
831290978,199.69.149.109,615,NY
1351464442,37.171.75.12,580,CO
1536818955,247.117.47.181,688,PA
829493970,201.32.213.164,278,FL
1228066130,182.94.215.102,837,NJ
1095160839,79.99.57.73,597,CA
884605029,183.211.34.68,530,VT
2108774635,98.115.239.85,291,FL
1608773262,51.94.70.66,865,PA
807194450,174.108.75.17,99,PA
1275589507,123.168.202.200,267,TX
1493398318,149.254.47.251,454,NJ
893740921,6.211.244.8,81,ME
1188894474,179.92.89.124,710,CA
1296587698,121.19.131.123,867,TX
1188266613,38.151.63.215,165,PA
634504223,112.184.62.187,885,FL
807460598,199.89.252.114,479,NJ
1863879321,215.143.176.69,813,ME
770071592,211.24.131.152,247,FL
867862746,44.30.38.241,92,NY
843863074,189.80.17.131,915,ME
1961353758,17.187.250.219,288,NY
1680900655,5.188.220.113,345,ME
2057775265,89.187.67.62,365,CT
1050483467,148.96.235.191,924,FL
904305714,9.173.79.220,252,NY
1880891412,236.227.101.192,243,CA
819981228,64.120.230.160,558,TX
1316615431,169.29.243.220,148,PA
1111979746,182.201.134.159,645,CO
1137902317,116.84.83.183,947,PA
942953183,109.83.60.197,555,CA
1952127025,219.92.105.150,438,CO
1610220413,179.52.43.136,208,TX
1235234866,73.163.44.194,336,ME
1684402131,151.186.160.253,91,FL
724763487,130.171.222.217,381,CO
1364032138,80.65.130.105,312,VT
747671990,220.101.181.43,798,PA
2031624749,244.171.33.108,278,NJ
738163739,180.254.116.197,242,CA
1190332312,11.121.44.178,219,CO
1556786805,251.74.160.164,724,CT
1225690844,19.239.240.109,56,CA
1603105096,205.212.35.85,792,CA
1741858126,186.141.34.138,762,NJ
774010920,24.50.90.234,113,NY
1217603823,60.92.209.51,665,PA
1351926590,81.68.27.40,275,NJ
1100276637,44.53.173.246,726,FL
1010734118,254.131.51.126,685,CA
1194793992,175.104.7.220,34,PA
1409750697,27.67.90.82,788,CT
2031898555,1.81.49.71,407,CA
1092091334,209.133.166.7,113,CA
1468373532,233.51.39.88,378,TX
1988537273,182.43.11.64,401,PA
1195274833,125.37.175.191,890,FL
1030731591,205.217.160.216,215,VT
1619116274,169.77.1.37,870,NY
2094780440,13.180.217.226,86,NJ
1234008575,193.59.149.7,666,PA
762016447,51.101.41.212,109,CO
1109194400,194.94.184.102,409,VT
1416523321,112.89.145.65,664,NY
1046621500,190.148.57.84,312,NJ
1685862055,245.202.46.241,232,FL
973476867,151.175.122.93,818,TX
645841898,57.203.148.45,971,CO
1817105834,226.254.14.84,335,PA
1092920381,22.230.205.33,565,TX
1272644219,90.201.80.171,457,PA
1979739000,64.68.134.198,507,TX
1150087564,140.108.30.62,499,TX
1459120640,238.57.30.185,606,PA
2038257386,251.153.195.193,737,FL
1912998609,206.186.133.32,87,CO
1717555122,229.41.13.8,684,TX
1776897210,237.198.217.110,624,CA
1460741110,132.146.240.150,181,CO
1445969239,215.76.50.185,637,FL
2027426024,235.176.89.11,768,NY
745736827,71.68.127.47,617,NJ
1678359624,46.138.85.155,324,CO
1927135576,222.103.226.234,921,ME
1030992451,154.111.116.117,321,TX
1306654755,19.50.67.40,844,NJ
1435482036,62.116.63.210,606,NY
1093063287,108.66.47.227,43,TX
1864819844,65.213.36.221,864,CO
1283644179,143.198.80.135,22,PA
1117161577,215.6.244.63,369,VT
1087522324,107.243.56.250,267,FL
694421454,173.72.234.165,47,PA
1469469975,151.88.244.108,458,TX
1098043473,98.149.183.19,545,ME
1186740176,8.78.140.186,648,CT
922574274,250.61.90.241,62,PA
1008532503,25.137.65.19,973,TX
1732254058,54.20.161.99,11,PA
847729609,195.222.189.242,991,TX
1705379085,79.157.11.49,103,PA
790469843,137.63.1.88,14,VT
633869064,200.57.111.213,830,CT
801469436,71.13.180.10,868,PA
1097870698,240.195.103.16,631,CA
1272321399,17.97.219.247,650,FL
765782470,139.17.185.21,354,VT
1608046979,240.27.66.57,865,CO
1217362178,156.22.179.95,247,NJ
1404148568,47.74.180.147,28,CT
1723849552,211.144.114.170,888,PA
1558880604,224.61.89.9,185,CO
2073668808,165.244.65.2,256,FL
1831626740,243.89.26.201,913,CA
1365236239,200.135.175.213,831,NY
1053332489,226.217.101.166,909,NY
1233491236,105.21.40.218,78,FL
1557721344,148.187.117.160,558,PA
1163227740,117.149.79.5,835,CO
1487476211,81.27.126.146,144,TX
2062323997,81.229.71.123,480,CO
1301488317,149.135.143.69,499,ME
1173640748,129.135.129.16,415,TX
717242390,88.107.8.38,409,NY
1991981988,47.149.236.178,413,NY
1591559052,219.174.177.30,790,ME
2019410611,190.221.129.41,352,FL
1231894862,96.199.104.205,268,ME
815760504,67.69.27.5,716,NJ
755464374,106.8.14.66,951,CO
1309789430,25.193.7.196,930,ME
2004555230,49.59.184.243,889,VT
962247558,6.205.206.67,54,NY
1473414458,104.34.220.130,134,NJ
844973439,218.248.75.207,136,VT
1431460766,191.246.220.63,756,NJ
1668702420,116.244.166.105,378,FL
1097137464,166.160.44.3,209,FL
1987081397,77.126.154.54,337,CA
1440138050,119.188.2.0,965,PA
823175206,228.91.201.12,614,TX
764486579,151.81.43.68,475,NY
1188344608,6.81.114.52,365,VT
1747459500,70.126.132.150,223,VT
2111522324,66.0.30.124,537,PA
1683808372,206.183.200.123,51,VT
2096555324,51.155.241.142,601,FL
2054402751,139.243.62.78,734,CA
2053793550,218.6.57.136,599,CO
822020504,28.94.13.228,741,ME
1725208254,14.123.35.167,154,NJ
1923150417,0.27.146.75,774,CA
935552926,27.42.182.29,975,PA
1572279103,126.26.26.93,345,ME
1732524959,142.69.68.5,42,ME
1617789502,10.250.148.88,78,CT
1129488184,101.112.125.172,635,CT
1813570152,151.2.170.137,954,CA
1954164715,37.66.193.250,285,CO
1294115628,179.190.69.40,535,NY
1032280921,98.237.240.243,278,CT
1515000633,237.51.223.175,644,CO
1073992239,194.112.32.48,876,TX
1070386828,88.117.23.244,441,CT
1908181466,232.107.152.133,686,VT
1297887364,205.119.64.197,596,CT
1250099767,124.133.52.50,742,TX
753415398,106.216.113.22,102,NY
1138843662,119.97.33.108,95,ME
1220635673,242.109.53.232,877,PA
1592303955,77.213.154.251,572,VT
1665990489,163.84.220.248,708,CA
1487314783,95.51.99.10,38,CT
1375934098,74.96.56.249,37,ME
1176466771,33.20.233.156,886,ME
873394825,172.191.175.93,707,ME
1824467794,91.210.97.201,942,CO
1286241503,172.60.173.19,555,PA
949665748,43.90.57.61,459,NJ
1313883497,85.160.131.182,20,FL
728417235,65.196.35.82,65,FL
1398938135,244.131.228.48,281,PA
1236026678,226.144.171.199,659,CO
2016755199,32.8.189.80,386,CT
833086762,154.50.100.98,845,FL
1378243337,40.37.64.164,531,NJ
1112049415,250.141.25.69,138,VT
1695847985,211.160.224.58,950,VT
1832377139,240.232.210.156,158,VT
714378173,8.19.181.194,732,CT
642209404,82.27.0.10,173,NJ
1854956205,170.150.99.206,306,FL
1504553561,201.244.100.147,366,CO
1584617096,67.134.82.133,989,VT
767465487,56.252.6.161,68,PA
1084496166,133.156.62.147,15,VT
863892677,199.233.182.191,461,VT
2081322937,101.172.131.3,797,CT
2008473504,162.163.231.29,226,FL
1516495624,243.122.58.249,588,NY
870318715,142.42.186.63,492,FL
2042478444,52.138.111.209,249,VT
794767758,243.223.175.62,654,CT
1309903259,20.169.89.204,307,TX
1216691900,192.236.35.52,269,CO
722057906,76.170.182.237,183,NY
1777149445,250.18.158.180,487,CO
1025514358,51.187.168.43,609,VT
1771546217,162.113.242.92,332,ME
1058812738,62.237.82.162,909,CT
779830217,50.248.222.33,472,TX
1506063673,209.99.179.16,427,NY
734650652,192.244.89.41,915,CT
1648358456,66.75.70.7,579,CA
1774905055,82.138.26.56,817,FL
782737285,89.165.186.60,147,NY
1138985737,114.148.30.204,808,ME
1819436812,53.115.112.167,805,FL
813754555,208.183.232.86,48,CO
1950732249,89.158.68.51,636,VT
649061899,49.133.225.193,844,ME
831148030,55.237.92.224,540,NY
716145651,80.142.118.17,382,CT
1553882020,38.254.194.75,79,TX
1738070245,87.71.43.232,632,TX
1081249362,175.168.138.32,724,CT
1483931633,67.201.152.104,830,NJ
1691270133,4.127.68.142,582,CO
1833921991,209.138.171.196,966,TX
1807794365,20.133.195.11,426,CT
1420601670,236.66.91.123,475,FL
1717015969,115.136.87.204,836,ME
1750752125,239.50.166.133,894,CT
1663685654,24.3.49.29,503,TX
1262489820,54.159.133.234,462,CT
888558871,133.67.91.51,877,CA
988434107,209.107.79.225,584,PA
1545443825,168.140.83.182,835,NY
1267989923,63.48.158.37,940,VT
1165589879,121.126.85.253,524,CT
1739288686,95.196.134.227,766,NJ
1651297249,35.62.98.191,500,CO
1908077432,227.123.104.86,263,CA
1318955813,208.200.185.132,11,CO
1419831917,153.131.190.165,970,PA
1006781852,27.47.50.75,631,ME
723703738,152.98.48.192,753,ME
717287261,187.171.90.108,253,VT
2029025652,7.237.141.102,754,PA
1638500081,247.165.246.45,635,NY
648129613,73.43.69.56,630,CA
1951248070,169.252.20.188,440,VT
1388322228,70.214.17.9,682,NY
1478950212,28.120.64.55,258,FL
1452009864,131.85.120.109,880,PA
915143629,13.148.117.163,655,ME
1290047358,225.224.145.52,452,CO
1719686539,105.100.43.107,206,CA
1693792894,47.18.229.69,940,CO
1833747890,109.251.225.211,846,CA
1412734989,91.78.174.88,492,CA
854588362,106.1.85.182,970,CA
1604998897,131.193.149.231,27,NJ
1219712399,33.118.69.224,454,PA
711072157,59.204.124.193,416,CO
1782534150,7.179.83.140,957,NJ
1134818428,115.181.235.118,79,CT
1810549695,157.172.52.230,751,PA
2096735015,184.155.221.56,45,NJ
900628574,160.1.118.170,724,FL
1519660579,121.216.40.55,41,PA
716238346,97.101.180.217,12,PA
1919324547,96.154.245.150,982,CT
2098354742,92.96.4.198,821,NY
1681666583,138.186.178.164,177,CO
1190950130,30.246.110.39,325,CO
1441774008,228.194.198.59,157,VT
1532579918,201.226.212.200,698,NY
1321532953,164.163.197.215,731,NJ
1982240768,33.76.68.224,659,NY
1489046121,52.90.203.109,307,VT
988267519,217.50.46.182,84,PA
1680290037,21.34.84.240,11,VT
1134542151,12.185.197.15,111,CO
1445318045,164.181.43.155,141,CO
1789711549,7.171.215.163,734,CO
1224324492,227.5.63.130,599,CA
1309184777,198.184.244.89,271,CT
1474125381,146.45.53.197,276,NJ
2037052072,60.216.64.125,404,NJ
1885673180,192.118.134.31,1,ME
1405661728,229.114.185.191,773,FL
1622963178,205.38.209.118,17,CA
2017711301,40.56.231.177,209,CO
2081688500,86.79.223.48,167,NY
658771041,53.162.226.150,212,NJ
1912698274,1.249.221.95,409,FL
745112047,181.163.244.65,824,CO
1267389533,0.176.146.231,412,CO
1691351425,231.171.190.58,976,TX
1418012115,132.233.27.234,454,CT
838472470,232.187.134.105,335,TX
964803245,75.247.84.15,972,TX
1768934493,74.206.133.73,58,CA
1190488562,194.68.45.90,968,CA
1638093014,70.61.131.75,514,ME
1531701322,17.114.91.62,738,PA
941966531,227.116.74.117,138,TX
1995147835,145.122.86.171,382,CA
651323985,123.242.174.10,917,VT
1785407908,146.250.111.176,461,CT
774885669,143.155.99.10,163,CO
1754130437,225.17.105.43,645,TX
1998514611,75.11.79.50,584,CA
1311888442,168.109.239.2,146,NJ
1632617535,224.2.229.195,654,CT
1218743294,225.26.54.99,979,FL
2017269267,60.108.66.84,234,FL
991853350,234.222.206.6,271,NJ
1206156954,129.37.202.145,200,CO
702030658,182.67.75.224,792,PA
1015636269,87.211.216.97,207,CT
762426166,26.232.184.239,596,NJ
1289809540,51.1.81.253,46,ME
2065675096,217.67.227.253,431,PA
1990175845,55.61.194.43,591,FL
898510297,100.248.90.2,621,PA
1835211455,187.253.233.248,508,CA
1636008533,22.64.60.62,871,TX
1008944651,76.140.194.75,395,NJ
1481943103,214.244.122.10,810,PA
785371787,100.198.5.64,244,PA
1944342803,125.170.168.148,959,FL
866556627,14.213.33.167,782,CO
1250143554,187.141.180.3,580,ME
1569103057,148.254.12.248,843,PA
796113923,187.233.94.182,174,CA
1451000735,3.45.184.181,592,NY
1679582867,233.53.200.86,782,CO
1503940121,4.67.52.165,33,FL
1938087907,227.219.87.56,896,TX
1448910466,144.193.19.65,167,CA
1969036990,67.114.243.93,934,ME
967648836,111.163.56.69,275,CO
1701112317,114.33.132.5,1,PA
1562632433,160.164.95.66,122,CA
1777934398,129.171.166.194,981,ME
1073058470,135.185.190.107,296,PA
1984851254,129.192.86.143,644,CO
1218787169,142.227.238.219,698,CA
1410246226,28.135.230.254,846,PA
869172529,43.218.175.192,46,FL
1510853829,231.174.140.11,190,CO
1685238451,44.53.169.39,539,CT
730235018,231.85.169.153,537,ME
1965673552,115.93.67.191,656,NY
1501397855,188.106.153.51,720,FL
757080117,233.185.232.177,749,TX
1607786495,203.48.151.108,993,CO
1208305210,42.83.86.20,183,ME
2070058630,79.50.75.140,540,NJ
1825489439,237.69.110.64,640,PA
1421690010,169.103.47.178,135,PA
1620157025,129.136.62.99,658,ME
1931143360,133.32.120.192,491,NJ
1493786257,201.136.33.9,827,CT
1866386859,219.29.213.216,520,FL
1248487101,137.12.233.40,556,NY
916824672,21.191.196.168,915,CA
1711847177,223.154.172.98,256,ME
743309636,83.143.64.75,562,NY
1311346356,253.81.160.124,622,TX
1014803891,243.102.209.106,381,CA
2060118592,221.127.81.198,930,FL
1192740199,51.88.11.129,647,CO
1801527845,106.178.223.90,207,PA
909361888,46.4.135.79,873,CT
1362394738,53.48.112.5,136,NJ
1709638928,179.15.100.91,465,PA
2042406589,19.205.178.116,331,CA
1177640758,24.86.171.189,545,CO
1191745942,164.230.120.194,862,FL
1637095898,59.182.20.110,126,CA
2101910334,116.129.17.62,530,CO
1602841202,69.196.207.73,211,CT
1832355892,201.163.158.249,342,CO
1134451166,253.224.53.13,933,VT
1245773697,228.55.139.61,913,VT
952363195,19.1.81.200,207,TX
1973676255,227.163.188.141,997,CT
2093280377,196.242.139.159,312,VT
2046545865,12.120.58.18,117,CT
1440900985,201.208.229.127,206,VT
1064412502,165.243.142.205,927,PA
1096138570,105.17.43.102,641,FL
1228096522,133.182.222.130,162,FL
656437402,77.200.26.144,394,FL
1154699656,171.40.55.4,84,NJ
831362260,159.20.207.239,953,CA
1725872280,96.50.37.72,373,CA
1256664492,152.78.42.87,223,FL
1580319515,200.119.222.224,751,TX
684196686,98.69.202.202,540,ME
878390709,190.203.17.183,174,NY
1428619380,184.208.100.181,763,NY
1440673529,2.134.39.92,409,NJ
924026838,35.229.147.164,804,PA
1729882987,24.40.102.99,527,CA
1579262773,100.178.37.89,190,TX
1954563758,6.61.49.121,33,PA
873204080,5.60.141.52,863,ME
1143614377,70.67.215.86,349,ME
1811816265,220.98.114.43,917,CT
1997568480,207.154.241.126,346,CA
1074614090,163.153.115.70,942,CA
1170311989,209.228.174.238,459,CA
796626228,45.37.52.195,554,NY
1113363476,6.247.217.198,695,FL
1698253893,94.213.166.49,742,TX
1601130662,185.179.133.190,907,NJ
1841051878,241.30.210.26,216,VT
1577092366,156.40.199.84,163,PA
1999101500,25.28.143.72,283,TX
1208603323,244.149.19.153,607,ME
1731444932,187.123.38.17,458,VT
2007918827,174.37.211.242,964,NY
1130327980,107.241.228.47,98,ME
1840428712,11.59.199.168,196,CO
2039240662,228.40.166.53,523,PA
1218672794,114.126.102.250,946,PA
643278887,3.53.182.227,292,CT
2104293770,226.207.172.181,719,CO
2098559377,204.181.194.11,914,PA
2034480664,96.65.5.38,849,VT
2015314617,182.225.3.173,127,NY
1956810221,184.252.43.115,68,TX
1134889999,144.165.176.94,414,VT
1876209689,87.8.225.157,702,PA
1411432674,244.196.78.126,508,CT
1733131894,165.54.212.93,175,CO
1460608573,139.224.28.213,985,CO
1718148530,215.69.111.229,333,PA
1469504511,158.133.129.121,822,FL
849672099,160.161.177.199,577,VT
2109901336,88.146.70.158,981,TX
1048793733,247.164.249.62,114,VT
750098981,1.222.46.94,863,FL
2060507820,18.52.212.111,625,FL
1012059431,76.141.232.1,281,VT
1667974760,128.222.93.83,604,ME
723250348,239.4.130.38,397,CT
2062162296,31.133.95.109,505,TX
956131951,152.145.170.132,468,CT
2078695597,248.184.247.63,740,CT
902597530,83.230.171.241,591,TX
1062355694,22.161.108.177,425,FL
1074395308,18.117.108.78,176,TX
672188465,129.96.133.185,822,ME
985464512,156.191.173.203,934,FL
1632838836,132.198.80.95,237,CT
1346637522,144.163.15.53,64,ME
1894239660,219.190.16.39,29,PA
1940340169,125.238.171.217,342,TX
1902434642,1.166.89.158,955,CO
1798525931,113.44.66.242,607,PA
643952391,59.6.3.0,862,NY
1447602594,239.83.60.251,635,TX
1123980249,45.52.41.139,342,TX
1916257869,211.83.119.152,770,FL
2013116146,3.78.200.21,106,CO
693805878,233.47.34.222,725,CA
1219489716,225.43.165.145,357,CT
676987922,82.12.4.138,937,ME
1500528863,154.194.161.61,739,PA
776662402,226.32.13.155,269,FL
2000432943,47.4.156.235,618,NY
1323696887,183.27.247.59,361,CO
1185493986,112.130.73.227,736,NY
2020756542,25.139.56.130,471,NJ
2077429726,99.145.204.71,407,TX
789384128,207.106.149.146,982,FL
891478606,3.200.187.157,922,PA
1849814147,202.137.245.181,350,CT
1111415327,69.39.129.24,383,PA
1430797164,72.198.36.5,592,NY
1717850037,70.104.99.252,633,CA
952590667,8.78.115.157,560,CT
685311443,206.150.48.119,398,TX
1920439569,62.171.131.140,483,TX
1148055859,218.145.147.87,648,CA
802746341,171.24.69.185,40,CA
1106742986,198.120.230.65,600,NY
1341766793,155.85.216.175,131,TX
2049080254,173.104.115.143,771,NJ
1328790173,85.61.2.212,501,CO
1217518569,33.253.168.148,265,NY
1048245619,253.90.56.213,716,NY
1751835547,157.176.4.191,355,VT
856984677,245.120.157.110,1,FL
2077006249,83.229.136.144,820,CA
847981744,243.157.177.41,854,TX
1330673003,0.179.252.130,45,CO
1304270639,33.34.206.218,174,FL
1480158632,55.48.218.114,184,ME
1806639022,37.51.150.21,43,FL
1242756649,19.150.94.197,106,CA
1720705874,237.252.43.184,196,CO
1908112477,104.253.152.170,155,CA
1826735478,221.211.217.121,980,TX
1891693585,225.71.247.147,403,TX
1474407112,182.215.199.98,553,NY
1027082622,57.107.247.33,731,CA
1146578065,163.103.8.104,834,NY
1588371054,165.49.140.157,708,FL
1097939372,241.75.212.159,270,VT
1048023177,149.239.196.24,792,VT
1268551016,170.85.48.70,444,FL
899707353,79.50.115.121,949,FL
1558475584,48.42.60.219,699,ME
1027947200,245.130.245.224,960,CA
686132975,114.131.164.24,922,CO
885188845,154.227.89.105,254,NY
1399927472,217.9.108.247,97,CO
1911138763,28.17.4.53,939,VT
2038520365,31.245.17.160,266,CO
1404683853,252.201.204.102,899,VT
1920607566,6.118.143.1,681,TX
707012690,240.219.161.136,283,TX
1010728732,35.240.138.161,410,CT
1015193499,116.205.139.111,566,NY
1208109887,243.81.96.131,250,CO
915234783,47.131.141.251,979,CT
1706581765,13.139.127.213,69,CA
1244345406,206.55.98.207,33,CO
835051587,208.153.89.226,444,TX
1260615599,174.54.97.115,445,TX
1618321878,181.35.91.105,79,VT
2071398412,175.1.150.228,941,PA
1244347862,210.96.167.79,404,FL
1176120939,211.101.147.189,97,CT
843270450,192.175.227.107,334,TX
1872472330,79.112.42.37,815,CO
1075465275,76.192.144.45,983,CT
861566970,142.168.125.89,55,CA
1591391780,102.157.201.119,962,CA
2013550122,168.199.112.218,303,ME
943825880,83.214.145.31,916,CO
1462783835,180.170.131.251,191,CT
1939071583,1.71.237.10,817,NY
1015151580,124.76.211.140,661,NJ
1993588271,244.21.183.243,181,PA
1964626130,83.243.136.76,679,VT
1812223921,239.131.160.82,985,FL
1244962292,127.209.188.212,142,CA
682283770,242.47.1.76,610,FL
1325528768,167.21.221.81,97,TX
1503032886,228.167.191.25,228,NY
1836882040,55.144.11.139,751,TX
1439775777,130.94.169.234,439,FL
1596457685,208.166.237.227,464,TX
1872550736,113.36.214.223,118,NJ
1035343793,142.8.136.188,993,CA
1619885801,232.213.178.56,981,NY
1042074196,201.199.83.221,222,FL
667518928,92.98.91.38,77,ME
2112574733,61.198.26.174,814,NY
2047570133,188.91.62.169,294,FL
961507818,146.90.250.159,280,NY
1137434455,244.222.78.24,93,NJ
1147057884,184.165.9.210,294,CO
734383551,156.35.217.104,304,NJ
650429290,209.115.148.164,822,TX
1086242452,45.233.49.136,245,FL
676918570,172.242.74.207,642,NY
712267519,115.37.153.50,295,NY
794786713,233.218.91.90,122,PA
735689816,164.92.53.82,246,TX
1025829438,199.140.182.116,818,NY
1753928786,114.150.97.221,160,PA
1122895008,131.24.23.191,658,FL
1423161538,195.99.5.30,657,VT
851689425,11.232.139.215,206,FL
1436574048,133.148.154.184,300,ME
1918696029,74.164.205.19,91,NJ
1681428291,43.40.253.197,711,NJ
1873168041,72.183.225.184,795,CT
1438088171,104.232.137.158,789,CT
700837847,217.203.245.45,526,NY
1076841099,104.63.171.211,360,PA
772212833,56.159.102.159,255,CO
972077763,63.137.202.92,326,TX
1271150758,104.181.218.203,979,FL
1634821011,104.4.238.175,389,CA
1717284361,116.68.217.137,541,PA
1140908546,237.79.176.36,627,ME
1421690221,228.190.209.179,319,VT
1813371716,249.207.17.70,86,CA
909317696,248.223.225.74,355,TX
1886455973,176.125.147.152,14,NY
1653760907,68.132.195.248,338,CA
1864820121,66.32.219.173,894,VT
902782890,176.157.131.210,321,CA
1833753489,152.141.144.218,402,VT
885739969,195.215.238.133,506,CO
913210918,36.134.148.49,455,CA
757347382,223.49.61.246,406,PA
1705961903,44.53.161.14,87,NY
1430242453,77.43.250.21,738,NJ
1493981773,12.79.93.252,940,NJ
1420358146,91.114.167.154,95,PA
2023302569,45.234.227.45,441,ME
653730365,236.211.57.136,738,NY
1586234763,74.128.114.214,786,PA
1971106208,19.91.58.118,230,FL
798051891,66.69.192.137,986,TX
1987146409,160.202.91.67,95,NY
809800138,186.252.22.80,639,NY
1007235622,164.134.57.141,113,CT
1739791856,86.70.21.187,312,NJ
1279975446,107.242.219.132,923,FL
883352207,191.135.145.39,7,FL
1091575730,195.83.137.195,293,CA
1047640132,235.62.97.193,323,CT
1089505290,208.200.62.32,933,NJ
2031235037,49.218.186.189,133,CT
1199246723,110.152.200.254,145,NY
1523453260,141.5.213.168,722,ME
1607803231,250.242.25.149,880,NJ
994862990,40.132.54.14,816,ME
1438259364,210.50.66.30,14,NJ
1325240031,185.21.113.146,958,CA
729853924,119.49.214.63,825,VT
1613462206,47.160.245.198,983,NJ
1572467992,247.34.1.60,198,CA
2051498568,221.147.225.128,916,TX
1136248780,233.66.145.251,473,CT
1423749013,189.202.237.245,766,TX
1410595584,40.96.27.82,309,CO
1691889917,183.106.14.39,654,ME
1278975723,130.16.29.228,859,NJ
993507643,173.178.208.159,365,FL
1550873876,104.49.91.29,968,ME
1611607568,180.187.21.62,68,VT
1455442546,219.169.65.60,253,TX
985402413,250.109.80.69,814,CO
668117084,105.11.178.174,784,CT
1667634646,186.110.5.29,277,CA
829997183,105.205.156.1,838,ME
1202169612,251.62.92.162,186,CT
1451656681,41.232.246.59,120,CT
833918279,55.45.145.105,572,NY
1882974952,8.137.40.148,410,NJ
1852638444,1.87.210.226,479,ME
1681920697,166.163.54.150,908,PA
1926578993,31.217.198.112,262,CA
1672693004,6.253.199.162,816,TX
1738744208,223.126.3.41,199,NJ
1490445916,114.126.154.201,251,FL
1479278897,139.226.129.235,935,ME
1755459489,176.154.121.166,783,CO
1944464541,157.173.67.21,95,NJ
1321070367,94.54.136.249,207,CO
916658543,84.58.99.50,70,CT
1241458466,163.99.194.36,747,NJ
1347361884,50.148.206.114,401,CO
1223796616,28.213.203.234,284,FL
1493242958,155.165.126.87,52,ME
1596285411,145.229.229.149,862,FL
2048068535,237.59.201.209,95,NJ
2110992989,88.133.76.148,452,CO
1745152721,114.63.195.75,895,NY
1670715114,12.246.160.97,240,NY
1841725571,160.140.87.67,567,NJ
2030727620,96.104.254.64,74,ME
703841183,190.17.194.114,951,VT
1342033404,211.51.187.82,580,NJ
1746135195,161.161.92.138,961,FL
782790779,17.23.166.12,579,NY
694958548,182.33.134.7,861,NY
1923559659,117.239.86.83,935,CT
664619824,88.96.128.203,897,TX
1941167583,97.120.214.127,925,NY
1202461034,126.111.149.148,777,CA
2111598921,66.7.113.231,38,VT
1453188748,219.246.209.93,799,CO
1554094460,76.37.79.54,261,CO
782827798,170.198.31.86,950,NY
1189533369,178.22.135.66,860,TX
2010334211,69.34.229.173,606,PA
1732923290,10.245.109.186,629,PA
1432295413,44.125.130.236,438,FL
1684136290,108.1.62.139,918,NY
2029654108,238.0.92.217,987,CT
699029390,216.105.184.109,994,TX
1857516130,155.251.20.84,719,CT
697057940,128.132.82.189,949,NY
792164630,138.220.93.199,190,NY
983623578,237.221.11.37,446,CT
1622111126,60.98.119.96,661,PA
1932020608,151.91.4.144,654,CO
1869039915,103.125.173.203,454,CO
675304201,95.38.72.215,625,CA
1896836681,229.35.1.210,672,NJ
2053758751,165.16.237.200,712,NJ
1898242293,13.149.76.173,859,NJ
1442940939,158.12.23.167,988,ME
1517312601,120.62.21.63,46,ME
755137816,91.72.241.208,212,CT
2009064040,106.126.244.75,996,VT
1265555761,118.2.204.205,329,CO
1438911242,36.165.38.62,195,NJ
1903237839,24.42.91.17,876,NJ
995182415,254.32.50.59,685,FL
1400362080,144.83.158.33,910,NY
835962349,214.222.182.137,100,NJ
1411501058,76.15.184.58,8,ME
1539940743,56.129.159.46,112,PA
1672698462,147.122.21.86,362,CO
1006465901,172.141.75.118,760,ME
1739947590,226.94.62.195,278,FL
1768411476,56.181.24.238,128,CO
1659008189,51.164.192.163,532,PA
2062353105,89.81.51.77,258,CA
743836579,150.243.153.69,738,NY
1142847740,176.144.71.15,864,FL
712323248,232.123.140.46,683,FL
1381274135,145.0.1.26,795,NY
1418688863,173.202.254.219,3,CO
979553594,95.99.207.6,254,CT
1570549666,173.31.254.237,40,PA
1278308054,220.166.165.16,367,VT
861846506,232.101.119.61,641,NJ
1603510608,177.78.146.15,475,PA
800749641,95.151.200.123,776,CO
1538068553,192.164.239.207,411,FL
1108546642,56.216.3.118,936,ME
1765605718,15.138.239.165,169,ME
1469523547,95.60.0.207,280,ME
686094939,44.179.230.169,209,CO
1271613898,62.204.235.121,241,VT
1437313734,218.209.170.32,625,CA
1459291588,170.111.223.109,816,CA
1320079620,235.52.248.79,186,ME
1339272165,107.87.23.13,904,FL
650021968,55.39.93.231,887,CA
1793966832,221.170.72.215,30,PA
1828517656,80.77.144.37,543,NY
876542115,156.174.187.38,199,CO
2099839925,165.106.226.168,608,NJ
2105854524,139.217.192.6,563,VT
2059700910,200.150.53.43,828,TX
883103682,176.239.102.250,541,CO
1555549576,211.81.106.232,707,TX
1485962460,166.188.66.200,861,CO
1112309150,174.31.94.128,928,VT
1786108209,254.187.106.239,442,FL
1407838197,70.5.86.239,783,CA
1437382708,143.178.200.161,788,NY
968630534,182.239.163.66,822,ME
1101854272,63.52.40.216,559,TX
1562079699,176.181.214.9,643,PA
1964251873,197.253.238.167,482,NJ
795951651,190.43.54.66,112,NJ
1196790934,125.84.143.36,722,FL
1597646944,204.206.34.59,943,PA
2034548656,36.39.147.79,733,FL
1875218147,77.240.71.191,816,CT
746602337,88.254.26.170,402,TX
719847879,188.230.28.68,287,CA
1863944061,117.12.75.143,348,VT
1833057620,184.159.36.56,551,PA
2105954427,179.79.214.206,554,PA
1328324620,108.221.242.7,578,CT
1020889616,91.223.87.101,98,CT
1777903178,107.212.63.83,806,PA
1463766544,220.217.43.207,387,TX
679036732,9.9.31.189,107,NY
1824147393,27.73.99.43,6,CA
862042927,216.191.139.46,477,NJ
1859109657,27.189.228.104,152,FL
1632991066,233.88.225.29,237,CA
826562890,203.6.65.29,137,TX
888341441,173.137.137.239,890,FL
928483532,155.62.218.191,152,VT
1245402023,146.15.166.73,951,FL
1039761737,196.56.32.13,902,VT
659412491,27.124.109.83,131,ME
1891587179,38.40.73.134,552,VT
1283261009,125.217.35.28,757,ME
1822515323,26.186.68.7,13,CO
1723715081,230.40.174.137,31,NJ
1581196246,236.153.162.79,790,ME
2002980917,181.59.55.0,266,CT
1958892802,91.227.208.193,685,TX
1234191446,74.45.56.145,205,CA
752759668,225.247.22.19,917,CA
1586916074,29.58.170.64,771,PA
744519581,151.160.60.159,750,FL
768389653,217.13.174.225,765,VT
2110080674,66.100.109.197,623,NY
1839422573,147.237.160.202,55,PA
1910928694,151.43.190.246,876,CT
1292166572,219.197.64.231,369,CO
1719523146,63.123.101.171,933,PA
855743042,211.146.112.130,151,VT
712175678,226.17.36.18,572,NJ
1599306593,106.23.233.3,653,ME
677484593,141.121.145.5,257,CO
1280789565,69.252.77.60,232,CT
1226583462,109.175.140.3,928,ME
2007686934,179.162.101.44,187,CA
1474797881,211.149.229.2,738,PA
890883158,112.19.251.223,377,CO
2039938904,141.192.51.212,645,CT
1744354709,208.129.105.211,509,TX
1001644499,27.100.180.116,793,CO
1803946886,216.50.69.91,891,ME
1311575561,169.222.227.39,387,CO
1320797252,23.116.127.51,604,FL
1482617424,199.145.53.141,119,TX
1873863618,114.130.165.177,967,ME
1619215526,211.42.113.111,383,NY
1661771478,113.24.29.38,439,VT
1641538070,191.114.151.98,386,NY
662429852,153.152.164.4,547,ME
902714370,141.75.96.114,659,TX
1608580029,124.203.140.64,741,CA
1342237085,243.51.215.107,812,NJ
1631836252,105.155.131.215,273,TX
2052575508,177.237.37.45,644,CT
1622731617,71.130.0.208,863,VT
2095884662,119.134.126.17,659,NY
2110078446,253.28.52.143,116,ME
1120817996,6.164.72.14,349,NJ
668481152,164.44.91.38,569,CA
686983222,166.1.31.177,252,CT
1435590710,73.224.88.143,236,NJ
1194954636,170.115.13.132,650,TX
1508629875,230.199.144.5,70,CA
1762509141,224.75.94.61,319,CT
1523825157,150.235.217.17,359,TX
2071397078,235.240.84.14,204,PA
801305595,214.92.84.167,65,FL
1461967483,235.217.159.162,282,ME
1559019658,19.204.41.254,534,VT
1323392831,75.177.9.14,206,NY
1706995523,94.35.116.162,852,CA
2023497427,202.197.59.231,801,VT
1921084763,206.170.92.250,433,NJ
2095383711,229.173.59.102,853,ME
870926997,177.157.105.114,789,PA
1344237206,99.157.127.27,615,CA
850458778,60.10.179.102,688,TX
773225199,85.127.99.227,735,PA
1316449455,217.216.40.198,233,CA
777069869,233.59.226.254,410,NY
1980048475,203.32.79.229,730,PA
1807830937,12.120.89.250,151,CT
840336697,62.140.98.244,258,TX
1901026267,42.96.188.147,433,CA
1944289804,95.136.229.71,673,ME
1080963144,213.160.33.81,375,FL
1388025042,181.118.208.28,277,CT
2007631935,33.107.178.173,48,ME
1817393146,12.241.12.183,915,TX
976452537,60.70.170.156,414,TX
766037680,27.131.65.106,373,FL
752054069,202.187.73.112,558,VT
1200133266,123.92.85.110,169,CT
1423660055,234.215.227.75,396,FL
2018571668,176.132.144.200,767,TX
1113813468,16.38.216.21,779,PA
1618215802,37.95.50.0,406,CT
1103892455,25.44.82.228,412,CT
1308457249,97.20.141.128,982,CT
1510353461,68.252.131.251,587,NY
1663870425,41.182.103.136,169,NJ
827727824,135.243.37.225,82,NY
1593213708,216.110.5.182,51,TX
1977992484,233.22.179.242,541,NJ
2009261298,66.125.244.118,402,ME
1276340619,192.224.82.151,12,FL
1932318272,50.49.70.29,819,CA
783465033,135.186.91.115,977,NY
1127245889,173.29.250.205,219,TX
1306250526,190.15.16.158,35,ME
1322893482,240.229.78.84,262,CO
747967016,30.133.249.68,7,ME
1465488714,224.186.202.237,583,VT
1689969926,17.135.115.114,214,TX
802286677,123.144.137.20,340,CO
2000750115,181.228.201.133,124,NY
1281357336,215.201.161.150,220,CO
1966421896,25.6.79.46,13,NJ
834485110,56.31.117.24,963,FL
886688719,170.241.131.72,758,CT
922043263,193.152.233.253,221,NJ
1901759865,80.221.209.11,193,NJ
1431081802,89.180.9.115,793,CT
1209030113,130.215.159.23,194,CA
1394589141,235.13.77.208,5,CO
661450381,106.93.55.198,487,CO
1583708810,139.17.171.100,993,CA
1547737625,22.57.215.11,778,TX
1592412961,247.140.95.147,592,NY
1281038567,187.158.214.173,27,FL
1389702000,159.94.150.181,934,CO
986881618,107.38.150.56,693,CO
1739665135,20.208.139.62,467,VT
1250226960,208.7.191.193,753,NJ
1727685286,173.139.33.89,475,CA
840201680,80.160.178.3,67,PA
819023594,92.19.121.74,895,NJ
1363313370,249.34.170.233,438,NJ
1390702281,218.162.57.214,784,CT
1343518100,185.83.92.182,628,TX
1226247887,238.65.161.252,992,TX
1572846439,251.232.87.246,846,NJ
1633291416,232.225.13.227,506,VT
1701293830,71.38.142.248,628,VT
1362567177,220.17.6.94,358,PA
1318537012,124.21.2.155,298,FL
939401697,86.158.145.28,294,VT
1827334823,189.242.85.82,177,PA
681753151,108.69.92.37,392,CO
1742399109,72.51.61.55,231,CT
2074812339,185.50.158.108,615,PA
1208951846,246.183.143.96,490,ME
713484883,35.155.55.26,994,PA
1202757613,100.27.67.32,40,ME
1713455045,88.134.240.189,306,NY
925668421,193.226.119.166,93,TX
1526516234,245.6.107.75,254,VT
878509243,61.123.156.171,930,NJ
953612227,209.117.49.8,797,ME
1712932444,5.74.33.9,73,VT
1938095739,245.117.87.90,534,NJ
2015352145,214.57.95.50,303,NJ
1439843932,217.26.223.13,395,CA
1487768956,175.237.139.96,322,CO
968417276,247.94.184.217,533,CT
1026722942,209.161.59.13,725,NY
677380251,49.32.20.72,705,CO
1806748399,82.248.137.135,255,CT
1519633972,130.95.60.180,228,CO
1736129347,154.192.75.15,317,CT
1066470628,174.91.63.33,605,CO
1148349848,115.33.67.247,842,FL
896463415,37.133.167.231,32,CO
1429394623,66.187.52.176,823,CT
1875568360,151.157.235.42,4,CA
1221257174,54.176.72.42,497,NY
1635922690,212.196.63.182,569,TX
956872198,12.51.16.168,652,CO
1762804600,59.27.192.49,27,CT
777894335,109.192.46.104,114,FL
899889524,235.62.97.46,240,CA
696112138,135.99.115.221,355,CO
672962973,44.102.134.55,711,ME
1483271703,135.217.225.43,543,CO
817207407,36.131.218.164,373,NY
1012084540,54.68.170.65,123,CA
1526971219,185.104.44.6,897,ME
1115195284,158.6.148.197,768,PA
1087400473,76.152.208.14,916,TX
1408655323,72.155.176.47,728,CA
755815404,73.71.89.213,332,PA
1267362652,218.185.121.167,871,CO
1890959023,143.235.229.183,756,NY
1812561989,134.180.164.78,512,TX
640438623,166.161.126.65,625,CA
1712557934,220.85.53.151,33,NY
1129040195,168.107.108.69,940,CT
1655682373,196.14.32.100,584,ME
1334957889,15.240.139.45,511,CT
1302256662,114.161.192.110,807,CO
785646977,200.146.31.173,641,PA
1814340976,103.135.147.91,992,PA
1447222770,175.174.124.207,452,PA
737084451,124.20.218.120,601,NJ
2006861875,8.42.50.182,118,CO
1845340225,189.95.165.150,893,NJ
1687923406,43.122.16.185,735,TX
1390615045,17.139.108.66,695,VT
795802229,150.73.234.112,977,NY
2060540970,51.212.35.71,134,NY
889714561,123.186.137.89,600,ME
2036299669,215.178.181.169,323,FL
1660447847,194.253.202.76,63,PA
1433557958,190.130.139.165,904,ME
2104650474,164.131.1.139,611,ME
1539960268,159.53.21.111,109,ME
1088443695,102.12.21.40,722,FL
1157250509,47.177.109.142,576,NJ
1170238449,12.193.153.11,230,FL
963789275,177.25.200.147,860,VT
2103242958,121.37.143.36,193,CT
663953968,159.124.78.186,999,CO
1754120753,52.209.239.83,282,NY
2081054645,244.229.23.66,893,CA
1854581753,131.198.39.175,259,CA
1731470738,21.244.121.65,416,TX
1324511007,32.179.48.59,359,CT
1465306857,154.229.205.190,771,TX
1221182867,147.27.161.57,422,NJ
1876236010,91.174.175.196,946,ME
1515272008,36.160.6.212,508,CT
1728785838,44.7.33.59,617,TX
718521726,29.135.159.196,528,ME
1961310652,242.0.194.197,349,CO
1419882764,115.152.1.172,288,CT
1595576922,56.34.1.95,600,FL
1940626636,21.116.195.170,701,PA
1934535829,157.166.52.123,578,CA
777944558,87.21.236.18,840,ME
1844212763,119.222.200.204,651,CO
1657271827,161.133.113.202,864,NJ
847869063,18.205.226.184,137,NY
1848281749,197.19.224.17,915,NY
1773120789,100.29.128.198,320,TX
1885766630,239.109.89.200,292,NJ
1968838656,201.95.71.236,825,PA
779255191,41.100.117.242,635,ME
1981068763,102.83.143.83,520,TX
1042620408,246.121.192.18,673,VT
1167577394,234.197.120.58,422,CA
952767989,223.107.59.84,604,NY
700277531,239.153.207.33,103,CO
1954342498,187.171.92.122,637,PA
1521444427,234.201.253.12,124,FL
2071668874,236.250.38.103,335,FL
1632749083,72.85.105.110,261,NY
2094971627,5.246.171.57,911,ME
1378800390,198.246.47.70,41,TX
1499315724,150.200.43.206,887,CA
1124097511,190.144.39.105,729,CO
645410777,159.22.109.9,165,CT
1728500097,123.12.228.90,523,PA
1697522887,100.196.62.62,950,ME
840791942,216.127.151.188,692,NY
1552834723,181.194.58.152,994,NJ
2091387200,154.144.158.198,486,TX
1380397557,182.244.216.222,66,ME
1218073817,185.104.141.178,583,NY
1342110194,0.25.196.24,928,ME
790801363,136.2.87.177,640,CT
1346208209,72.230.143.192,85,NJ
1696904847,82.182.176.87,194,CO
1453877652,123.183.70.249,106,CA
1975958728,47.91.191.176,176,VT
1411782231,13.206.159.223,673,NY
1291704653,13.160.30.34,310,CT
808834995,207.182.169.140,365,FL
1791954268,186.28.105.225,55,CO
1796004660,221.136.244.86,309,FL
1652276219,41.117.138.106,845,NJ
1554047893,116.25.178.209,492,TX
938935620,131.166.194.55,652,ME
1432180236,66.149.55.152,544,NJ
1806144288,121.151.61.202,180,PA
2052355184,222.170.141.209,147,CA
1667757158,224.120.238.241,963,TX
2010820673,239.71.234.121,808,VT
1250732351,204.222.51.114,987,NY
2087295473,229.206.29.204,431,CO
1230024873,213.242.81.195,69,PA
1046799517,101.65.233.108,120,CO
900137230,101.56.177.171,500,PA
1743231627,46.104.116.83,792,FL
1706683448,219.56.91.242,847,VT
1212147548,212.152.231.243,201,NY
1018851550,56.61.71.219,792,CA
1447783311,240.121.154.213,277,VT
1485476923,156.225.207.78,19,VT
1130862813,208.22.51.37,650,FL
879418298,249.165.240.254,373,PA
2035064848,17.143.168.79,294,ME
1057274878,75.197.133.56,981,TX
1052312229,184.176.249.46,213,CA
1282952392,200.56.180.123,379,NY
1843146479,229.193.17.179,508,CA
1408257090,59.70.142.173,265,ME
821230127,139.223.195.177,687,NJ
1174622359,176.182.34.228,489,VT
1613498657,138.203.15.126,889,NY
1122291269,232.116.155.17,685,CA
884883248,224.229.15.172,794,CA
1656390044,105.192.116.231,810,TX
882643860,107.60.41.97,678,CO
1557220504,166.134.99.53,88,PA
1586063186,112.126.11.163,625,VT
1323456397,172.227.150.95,864,FL
1408307318,91.240.245.64,671,CO
655540725,14.48.10.142,735,VT
632451429,254.195.107.188,61,CA
1246473435,98.238.29.80,167,NY
928957331,67.222.135.233,307,NY
1748268819,80.115.41.251,940,VT
2109916044,81.127.38.20,407,CA
645913229,192.16.137.54,328,CA
1094112171,106.42.19.45,727,TX
1164514187,150.131.88.75,199,CA
652660621,144.92.235.241,65,CO
1569779916,51.130.71.68,242,NJ
1865926269,0.116.126.48,491,NJ
983089522,95.188.240.122,690,CA
1567266404,10.40.247.210,911,ME
1320700976,191.58.33.31,232,CT
685979719,92.187.205.244,815,NJ
1215135102,131.126.85.154,954,CO
946526369,164.92.97.105,850,ME
1295642403,71.162.30.249,698,ME
635396665,181.187.23.155,420,ME
1084892001,135.99.9.27,934,NJ
763733196,76.76.54.89,90,ME
1194139793,52.195.246.13,362,ME
664920007,18.40.167.223,336,ME
1652376108,57.43.220.21,686,PA
941485754,220.23.47.145,703,NJ
692876551,133.19.17.136,494,CO
776088238,35.38.150.140,193,CO
2014430579,160.102.62.47,781,CT
1617835660,93.152.118.182,492,NY
1772803413,25.202.3.245,580,VT
1654561792,239.200.213.14,366,NY
971588547,216.106.214.46,48,NJ
1107076575,47.183.221.178,362,FL
659252477,7.88.184.197,802,PA
2034959157,252.147.219.126,89,ME
1573055570,204.0.108.192,613,ME
1307190863,40.111.141.203,92,TX
1504544708,175.139.170.124,671,TX
1254315991,125.42.81.123,511,CT
1788885371,131.151.234.27,7,CT
1120836359,21.177.52.153,380,CT
1862366263,137.117.73.174,480,CT
757393370,175.64.6.87,681,PA
1864804046,112.142.112.143,528,NY
1569298409,94.228.24.67,853,ME
743373453,107.116.210.161,956,VT
1959796308,61.190.67.43,999,PA
1926124743,52.59.83.54,302,PA
1937168663,66.231.14.45,192,CO
1082771033,244.197.150.142,836,CA
1941983847,58.104.30.126,956,TX
1287481105,219.119.154.61,388,NJ
786428260,11.109.201.187,685,TX
1568985210,205.150.44.192,47,ME
1478585822,62.16.160.79,897,VT
1416286694,76.142.41.23,541,VT
1162062569,251.56.41.167,689,ME
1071747958,198.237.153.245,313,TX
2050403319,117.253.41.215,977,VT
1215288558,193.92.65.229,598,VT
1895929740,107.213.214.74,275,ME
1579526248,36.244.175.74,763,ME
1097564350,32.121.26.101,977,VT
642976595,95.6.218.210,611,NJ
833162749,195.72.163.246,241,NY
1028505713,13.31.63.240,659,TX
634242767,184.246.217.82,185,CT
1513206786,177.149.170.107,286,NY
1037694057,31.78.24.128,216,NY
707290666,219.3.181.161,449,FL
738253156,66.148.186.152,9,PA
758923227,33.9.54.163,156,CA
1315630533,225.215.173.30,112,VT
1200533129,80.118.242.187,472,NJ
1344750767,218.198.97.69,566,CT
1655751141,233.140.64.241,889,TX
1966659919,79.87.157.149,160,FL
1732908753,61.198.213.253,627,NY
874050142,241.225.224.149,88,NY
2044692892,248.186.13.130,200,NJ
1848645055,56.50.101.28,111,CO
1155670713,27.98.3.206,508,CO
1025424206,187.148.114.28,617,TX
1951242455,123.73.237.149,502,NJ
1602677947,178.231.47.252,782,ME
1084347999,88.4.5.118,882,NJ
1307088474,118.249.73.119,693,CT
1055293056,34.111.249.185,78,ME
1249284494,239.70.192.180,853,FL
1164219673,239.164.76.130,579,VT
866494626,153.113.163.218,221,NY
1355761155,229.226.143.240,439,NJ
1164701482,129.214.15.31,15,NY
1130375294,224.11.105.200,756,VT
859433141,42.162.98.2,586,VT
974683416,248.193.188.247,994,PA
1990656722,88.104.187.123,396,TX
694528227,108.131.46.182,141,VT
1152205502,52.179.12.55,187,NJ
2071289392,140.4.226.221,762,ME
1177809513,114.184.188.2,541,CA
677093961,0.96.30.8,310,FL
819072203,212.108.198.128,274,NJ
1535489840,27.116.148.196,520,ME
1076262821,33.48.57.113,717,PA
825511316,178.214.45.164,723,CA
850985817,248.246.94.69,802,NJ
1739440397,236.32.253.250,105,ME
911634220,88.183.18.38,273,FL
1687853830,4.163.111.56,592,ME
1369412600,97.51.38.128,305,NJ
903937871,247.66.109.66,12,VT
1410221512,196.47.143.110,102,CT
801571810,70.167.76.177,545,TX
1405340885,238.182.126.167,511,NY
2004168043,101.126.248.141,305,ME
1173911082,60.67.213.150,991,CO
869705934,22.49.21.40,304,TX
881683216,73.183.72.87,853,CO
2004612494,113.127.74.236,597,CT
1475271625,46.149.53.162,251,VT
1401312324,205.24.49.128,753,PA
1898151479,70.210.4.212,401,CA
1561968508,49.131.27.87,865,CT
1932920208,169.250.182.33,65,TX
1701405651,180.21.82.141,341,NY
1951928160,235.93.129.169,223,NJ
1204796946,118.80.190.0,517,FL
709957945,80.196.229.148,621,CO
776600740,198.171.206.132,142,VT
670815817,105.193.205.153,272,NJ
2023909806,68.232.34.63,901,CT
1525041190,180.46.22.44,328,NJ
717557203,196.32.216.29,777,ME
942850604,85.0.157.44,657,VT
746664335,205.176.132.96,238,ME
1996201694,109.196.43.109,892,CT
1314442064,217.155.209.214,176,CT
1245466860,71.94.87.159,120,VT
1161927958,225.220.79.249,862,NY
709686186,64.110.156.198,63,FL
1036545915,161.76.11.61,306,TX
1662934090,122.43.116.127,341,CT
1759778661,179.1.86.96,132,CA
721754641,169.29.172.211,840,NY
1668591242,109.155.86.40,87,CT
1450059385,139.124.189.247,752,NY
1920718908,89.83.95.120,633,NY
1276487335,231.125.15.190,136,TX
885923760,145.202.86.222,534,VT
1498146045,250.66.13.25,145,VT
653392997,44.224.23.2,46,TX
1233471053,149.88.71.216,497,FL
831203349,151.108.7.72,502,VT
1239240727,55.148.57.126,475,FL
1299832054,52.129.16.238,989,CT
983321626,69.175.35.96,291,VT
1887997371,116.151.141.183,456,FL
640792934,209.229.54.170,612,VT
1599283857,95.191.84.66,903,CO
806024598,107.94.224.162,469,NJ
688288774,254.184.245.9,517,CA
1841481646,73.157.48.72,472,FL
1632252926,210.248.189.241,703,VT
789194983,201.77.193.112,304,TX
1648699851,84.205.114.25,616,VT
1029113287,68.132.42.62,927,NY
1064480610,170.97.199.158,127,VT
1336939834,187.172.94.84,570,PA
1232549977,57.147.181.146,752,CO
912085187,236.43.214.174,728,CO
2099239229,57.110.150.247,64,NJ
1778193539,214.168.164.129,539,ME
1744611005,81.64.0.226,914,TX
1557322471,230.213.224.149,422,VT
1905597108,102.46.90.80,540,CT
1135511442,48.162.123.175,145,CT
1042229292,229.102.220.166,565,CA
731944713,221.182.209.156,617,ME
1514971308,74.48.251.251,974,CA
1922812627,154.135.173.102,753,PA
1331029817,252.82.57.79,37,NJ
1738177046,211.198.112.243,566,VT
1328426202,28.79.64.199,598,VT
1618677881,115.29.192.200,439,NY
1352749686,190.205.81.184,965,TX
1429130248,140.44.146.95,825,CA
1399390877,140.218.63.144,854,VT
711327943,60.200.197.168,600,NJ
886931145,21.166.122.149,436,ME
2081436445,75.194.19.14,929,CT
1909242229,181.128.103.31,614,NJ
1419320941,187.131.185.159,895,CA
1962555064,21.117.16.224,755,TX
1601240624,56.11.37.61,795,CT
1222105671,159.175.30.131,916,CT
638838958,201.65.99.91,33,CT
633461335,193.40.46.89,948,NY
1501089771,137.104.58.2,908,VT
2004744584,241.101.81.34,725,TX
1097050192,197.238.114.5,316,CT
1291515410,167.246.99.225,146,CA
1340372667,66.169.176.48,362,TX
1342980844,122.242.52.90,72,ME
772837191,153.99.50.93,952,NY
1572684298,142.66.167.133,748,CO
1266863898,184.10.191.176,853,PA
837639330,88.111.234.159,58,CA
1440580635,147.205.65.71,604,VT
1609443471,124.141.28.12,625,NJ
1280654035,207.169.114.215,56,FL
1302897506,7.148.64.34,908,CT
2092586439,180.24.3.52,595,CT
1879865972,10.151.30.216,890,NJ
1826094025,186.238.152.214,392,FL
1334404208,105.21.173.10,679,TX
1679998292,130.38.135.228,715,FL
813704215,101.227.144.178,26,CT
1838479607,175.131.181.136,747,CT
1143536926,70.46.228.24,614,NY
2073080902,15.38.249.10,796,NJ
1124450070,197.53.238.71,656,NJ
1476791012,169.248.96.19,941,FL
1747818093,127.70.109.129,142,TX
1427710822,127.107.182.5,445,CO
1202824190,188.43.131.122,77,ME
1362456375,135.179.178.21,999,VT
1551628731,212.95.201.70,997,CT
1883897313,228.92.242.208,630,NJ
739652625,171.37.122.107,664,FL
1451753261,40.243.109.69,898,VT
1719689823,114.104.119.208,762,NY
1385812751,7.210.203.55,865,NJ
1321006802,33.235.239.118,428,VT
1230324952,230.197.239.148,695,VT
1837055605,118.238.203.107,303,CO
1309746681,57.120.62.199,438,CA
1870215819,72.29.218.107,532,CT
719376226,185.43.35.113,475,FL
849359942,240.16.88.31,789,TX
818911660,66.142.6.219,760,TX
1567896022,231.107.185.92,87,FL
2011143016,38.30.92.82,208,CA
989227446,65.230.196.231,145,TX
1095656523,166.73.101.113,811,FL
968935016,11.249.212.77,692,NY
761082780,68.207.165.168,552,CA
1006470373,178.68.3.118,210,CT
1579368673,7.89.162.57,597,ME
2108529105,156.149.141.4,834,ME
1426369370,187.214.12.109,400,PA
1753244281,113.31.50.232,161,ME
1757290112,247.150.232.113,861,FL
1842572724,242.109.15.111,976,CO
1801210862,72.240.74.193,747,ME
761075035,222.131.56.143,93,TX
799752044,93.63.42.142,746,VT
1727842049,252.39.247.67,319,CA
1743674942,126.35.52.43,749,FL
1501755953,83.146.103.250,12,CO
1389579780,48.183.139.192,163,CT
2002700868,21.120.39.127,240,PA
2087717642,227.70.169.80,397,CT
772404472,60.165.47.17,223,CT
1670035927,247.163.102.225,296,ME
690162102,81.204.57.245,127,CO
2035628439,73.174.122.209,975,CT
825642546,59.95.87.112,773,NJ
1423374275,11.73.143.109,92,FL
1481454798,90.195.5.99,213,VT
1807877949,31.1.63.155,48,NY
879544569,19.138.33.190,992,CA
1999888065,130.211.41.250,706,FL
925333731,8.168.23.199,469,CA
1625744983,234.204.209.48,549,CT
1684827047,220.230.26.138,555,CT
1254284147,132.226.124.169,142,TX
1414646734,56.246.131.100,689,NY
659913409,25.101.247.191,71,CT
1382006056,168.171.107.35,258,CA
1242990659,37.166.115.22,157,CO
633084529,6.96.159.137,304,NJ
767562328,8.90.102.112,331,CO
1485297470,178.238.223.118,881,VT
854453086,146.130.88.107,500,CA
1908483464,219.230.197.245,771,ME
785650807,200.124.9.13,240,NY
960797706,76.206.15.92,377,PA
1733177773,78.9.202.176,288,FL
1768590599,184.99.237.191,805,CT
1128722285,50.121.67.101,539,TX
1717915191,32.12.102.57,22,TX
2032117972,25.147.180.4,863,ME
1136620752,7.142.86.81,165,VT
1449131208,222.127.69.30,178,NJ
1465208843,12.99.159.224,197,CO
1094135953,175.46.3.146,766,VT
1201417044,167.199.47.136,889,TX
873592887,194.74.245.139,132,NJ
1537497094,136.68.21.248,481,FL
851379973,128.105.187.217,502,VT
820593256,221.72.43.6,544,NJ
1928848328,202.161.170.70,803,FL
1957018114,51.79.164.70,944,NY
1578613287,122.102.241.138,308,CO
758968139,30.86.40.193,185,PA
905483876,28.48.49.125,783,TX
1354102528,136.32.181.61,756,ME
1770577229,49.209.95.109,45,CT
2026531291,76.153.238.212,486,TX
897598951,103.36.22.215,329,ME
1541380902,5.61.55.214,98,CA
2025056763,71.252.109.160,560,CA
1482135032,133.1.106.156,615,CA
1723674411,130.221.22.107,211,NJ
1618016603,143.196.226.211,598,FL
1322074184,21.43.104.169,288,ME
1855040854,169.66.91.56,340,NJ
1830501064,11.193.222.6,473,NJ
1867262840,89.50.151.155,380,CT
2093157563,107.179.190.53,976,PA
1569027935,157.135.215.153,899,PA
1982561445,234.132.152.90,531,PA
1247794981,225.74.154.227,233,ME
1104091987,139.242.72.186,682,TX
995763407,180.238.250.211,137,CO
998030155,195.96.37.87,319,CA
779512558,21.54.23.244,268,CT
1869463125,40.149.171.101,248,FL
1778659951,169.196.84.64,959,CT
1558281972,194.249.40.156,170,FL
2109071428,99.38.92.13,532,CA
1305210214,32.174.24.90,193,FL
1807731108,88.5.24.186,626,CA
934059231,73.4.57.88,373,VT
1325112928,236.62.77.83,925,ME
2016314289,177.101.195.96,778,CT
880523766,123.208.63.152,700,CT
1796866121,30.174.77.227,101,PA
1505926778,250.158.162.63,917,FL
2026200546,230.187.50.127,607,FL
2012431458,176.248.106.216,863,NY
1013258144,16.236.242.56,403,CO
1367308599,162.93.160.144,905,CO
1292344575,154.197.247.241,22,CA
1917070958,245.86.201.143,874,NY
1425683298,20.205.47.7,110,NY
864629902,90.139.30.203,164,FL
1165039865,9.26.205.66,71,FL
967861437,118.12.124.107,558,VT
896640744,206.87.216.119,349,NJ
1970675918,136.124.172.100,743,NJ
1196206446,79.165.179.78,890,NJ
968961817,183.213.227.204,497,PA
859290914,160.42.186.251,836,NJ
1840024775,140.177.155.85,434,CT
1525359550,191.157.58.197,494,VT
1731503864,252.98.117.173,538,CT
1613022654,35.95.27.5,796,CA
782486828,191.48.238.120,452,CT
1638634334,245.210.64.237,531,CA
1647195681,118.196.45.92,782,FL
1003918620,193.85.4.54,131,CO
653154785,219.76.140.176,147,NY
1754426699,56.170.232.48,757,TX
1336944981,101.76.190.86,175,ME
1877029138,242.37.102.36,20,NY
799316736,49.82.254.67,174,FL
1863361242,19.254.202.103,314,FL
1230502916,118.17.110.24,224,NY
1784688727,43.87.74.178,527,FL
772663081,161.71.215.7,673,VT
869420345,248.63.207.82,319,NJ
1735828927,113.188.89.218,392,PA
767625511,175.103.17.96,600,VT
1993097712,43.124.174.151,343,CT
1403648284,224.46.62.23,617,CT
1735462608,22.73.85.60,559,CO
768378906,174.22.192.3,571,FL
1014331768,182.128.66.89,916,CA
1141802541,25.130.114.248,858,PA
685152649,138.194.208.219,633,FL
1512958410,16.85.122.6,647,NJ
1399455689,71.149.49.102,721,FL
683920711,250.227.254.205,126,CO
1131100164,25.240.59.241,739,NJ
1791236459,6.147.37.40,420,NJ
1036456161,19.224.94.68,230,NJ
789470099,29.86.15.6,351,NY
1050111472,17.63.146.217,801,PA
1812107061,117.206.55.173,790,FL
1928804362,190.120.230.38,753,VT
723100551,160.154.186.4,487,ME
794727735,22.170.153.1,175,NJ
1618977424,84.185.65.151,792,VT
2060302953,89.223.42.32,603,PA
1145851966,69.188.51.155,325,PA
1198030003,246.214.199.16,601,NJ
1276615079,38.253.52.100,973,CA
1299262674,199.117.67.186,535,CA
1998123575,77.205.83.159,25,TX
1780935976,57.62.146.55,473,TX
905280427,68.36.10.193,656,PA
1767929794,64.200.9.173,789,VT
1424814792,135.187.120.156,762,NJ
1670060439,142.155.67.179,371,PA
2035015198,20.99.12.108,154,VT
1530922966,8.101.40.210,227,PA
636899352,36.182.202.170,415,CO
1760311852,158.244.49.201,468,PA
1296547961,183.114.93.206,998,NJ
1661146773,190.25.150.73,832,CT
1796502975,205.15.33.56,108,TX
1492880688,37.207.121.62,413,ME
758105966,68.5.188.168,795,TX
830662063,253.140.125.219,134,CT
1996873161,252.159.248.237,990,CT
694879298,240.140.212.97,104,CA
719305032,85.159.251.121,13,NY
823252405,239.19.26.41,433,TX
1994045988,140.223.165.80,381,CA
1246582732,90.115.220.86,354,VT
1037395166,253.179.176.194,819,NJ
1710726958,80.59.34.121,501,TX
1310969735,247.203.6.76,25,PA
2055933644,194.89.158.154,911,NJ
653212327,100.214.167.158,736,PA
1087627464,9.205.75.104,134,ME
1133821286,39.140.126.2,422,NY
642463182,19.191.230.125,792,NJ
744253215,241.240.90.192,538,NY
1843892526,86.61.131.113,510,ME
1404289349,115.1.44.234,472,CA
2054965205,171.55.183.125,110,TX
1156178606,36.81.61.209,846,ME
1344669550,3.47.14.216,504,VT
1678318595,166.29.129.191,642,VT
1977196433,177.75.71.232,859,TX
1196905562,219.8.102.69,506,ME
646481992,86.143.207.31,655,NJ
1814181772,212.105.119.5,922,CO
1633355404,13.103.191.42,44,CO
1461572520,235.239.153.243,907,NY
1534188624,109.230.184.91,900,VT
1241398461,100.155.241.22,192,ME
1746624656,26.107.176.235,207,FL
1255924255,218.19.224.143,362,CA
631915369,216.175.245.42,700,NJ
1867632170,167.156.64.182,669,VT
831872579,122.53.235.157,226,NJ
1434945394,189.20.93.146,202,NJ
1124882894,207.130.166.204,289,CT
1393401846,137.19.135.212,281,ME
1219707393,248.133.67.204,866,CA
1600902388,156.156.107.19,34,VT
777874864,148.202.156.220,660,TX
1824733468,202.169.119.200,458,CA
1646231025,27.23.28.27,232,NJ
1571735800,169.207.156.250,982,TX
736986438,57.157.217.129,263,CO
1076185381,249.221.214.213,583,CT
1040709030,92.81.160.7,372,PA
1374450609,69.146.207.33,196,CO
1284746247,8.207.166.67,394,ME
895413524,84.156.106.187,389,NY
1304348115,210.218.28.177,716,FL
1827367797,25.32.20.149,264,NY
1670115435,121.86.196.106,490,ME
1687086799,104.242.90.143,427,PA
1575190582,29.177.229.43,519,NY
1902087725,158.121.110.251,679,FL
1265106068,119.128.99.212,946,FL
1673736577,98.77.47.158,858,NJ
1023874665,6.47.44.90,23,CT
1890953676,133.92.24.118,856,VT
2019066949,212.37.135.105,132,PA
1067830746,237.145.109.209,604,FL
1312328792,204.92.79.223,580,PA
1901218252,30.195.196.82,544,ME
1430673132,13.213.5.107,857,CA
1071272851,249.14.29.96,848,FL
1766834238,251.96.154.41,625,FL
1966425075,87.214.112.189,560,CO
1709102584,100.25.0.131,672,NJ
1375862895,55.60.41.25,569,CO
1815465392,116.239.21.172,195,CO
1886390441,224.39.188.31,955,VT
917161753,124.14.72.120,734,PA
1640687712,245.76.135.251,344,VT
993022812,189.164.69.151,349,CO
2034783221,58.43.198.144,333,ME
1534327106,136.202.246.138,47,TX
983463929,124.240.79.183,164,FL
1261779155,16.109.54.62,783,ME
1854747071,110.8.20.58,950,VT
1152510994,100.113.142.163,239,CT
1378619082,230.219.106.54,112,VT
845761504,176.61.46.59,850,CA
943189709,105.173.126.232,165,NY
1626019715,228.172.138.221,966,VT
1255340631,130.32.102.249,260,ME
1171800241,170.225.130.247,513,FL
970136816,177.90.238.97,638,FL
1751244011,225.84.35.179,548,CA
1377351683,123.50.166.76,301,NJ
914529210,0.152.39.225,563,NY
649058709,38.107.74.95,56,CT
682596893,64.39.246.15,642,PA
1141075103,241.64.147.198,314,NJ
1677777477,163.190.188.191,981,ME
1654136838,132.118.227.97,506,CT
1082901997,219.207.241.23,869,TX
669443256,200.112.14.245,948,FL
1355660599,96.152.234.68,119,CO
1039657326,247.144.41.24,446,TX
2106683869,61.20.22.164,288,CT
1316332774,27.58.39.27,817,TX
1332229072,240.173.210.27,44,CO
955715765,58.79.60.77,198,NJ
790349211,225.203.75.54,395,CO
1580762546,4.40.69.167,469,TX
665171180,41.93.154.97,809,CA
1706513797,115.61.247.48,778,CT
1040693714,205.11.137.144,866,FL
709335687,94.109.119.185,859,CA
1509768589,139.189.57.147,239,TX
972972165,24.158.105.252,74,VT
2026185333,100.192.31.117,892,FL
1933491747,189.120.40.88,38,CO
1600872972,215.28.182.111,187,ME
1427999935,200.18.38.123,427,VT
927226782,171.104.111.103,872,VT
1219314519,73.11.118.198,572,CA
878426956,229.199.243.74,7,CA
800994500,233.74.191.56,775,NY
1613267027,166.124.65.49,301,CO
2005938896,59.227.224.68,730,FL
1767544852,74.70.193.177,672,FL
647667230,169.145.110.133,833,VT
1582950109,1.43.104.213,165,ME
1668026427,162.206.238.166,712,CA
1305495410,161.212.177.26,562,CA
1708976104,112.197.51.247,997,VT
1271964864,217.96.200.179,771,NJ
1135762566,216.152.154.69,117,CO
1638331891,80.161.159.183,380,CT
694678529,239.11.7.225,830,TX
1218572410,37.116.12.76,372,CO
1775336606,244.241.245.144,850,FL
1449312751,10.34.115.6,467,CA
1467926912,84.146.150.146,676,FL
963519364,13.54.134.36,878,CO
684686719,195.89.27.202,216,CA
1227415100,110.95.86.141,154,NY
1929468813,179.43.107.171,951,CA
1098803910,15.10.240.63,834,CT
1462101652,166.197.0.48,36,CT
835049587,208.146.159.24,886,PA
2007852087,235.130.133.137,159,FL
1657950556,193.167.154.214,559,FL
1173365730,0.71.175.140,29,CO
1712363118,229.158.89.81,10,NY
1533882012,59.69.4.250,153,CO
2071387116,64.81.63.73,324,NY
1901681410,20.52.58.247,983,FL
1000234496,165.12.5.246,214,FL
2011257616,115.100.117.117,514,VT
2067050633,82.72.177.103,228,PA
1356267573,169.87.171.39,60,VT
841470010,64.225.156.43,646,CO
2074418631,10.65.172.125,240,CT
1420918812,172.77.2.70,910,CT
1646855685,252.204.150.193,458,PA
1197641977,55.137.224.248,532,CT
863249335,132.144.24.56,466,TX
1819082984,246.157.134.241,319,VT
1800750951,207.97.223.206,697,CT
992159561,189.200.242.243,771,CA
1308780838,225.108.39.246,457,CT
1122259676,185.121.51.104,7,PA
1250676716,124.236.194.189,604,CT
1226954799,218.13.115.80,107,CT
1725641746,63.225.123.69,564,CT
2105378386,137.195.238.47,900,NY
933413606,20.182.124.6,671,NY
1722672375,166.68.110.251,69,TX
661527394,94.254.206.147,201,CA
1449592844,63.62.239.85,451,CT
1781508780,54.112.74.139,279,ME
1171295666,232.180.130.70,469,TX
897363308,222.20.61.224,481,CA
1384538235,117.162.251.174,918,VT
1202561364,238.99.249.124,845,NY
1410130357,109.135.250.155,282,PA
888372070,32.87.52.200,924,CO
667102504,145.248.239.114,80,PA
1934906964,53.63.198.178,706,CO
1127138187,253.116.121.102,438,VT
1331303717,161.194.143.16,473,PA
1720155631,82.113.123.208,281,CO
713875104,141.219.58.150,653,CO
792981724,153.234.47.21,363,CT
1071426296,162.219.188.222,86,VT
1555918624,151.230.14.230,942,TX
1299687712,185.55.183.82,898,VT
1045694218,42.45.23.13,264,PA
1717919152,2.71.29.90,52,ME
633078064,111.104.73.52,212,NJ
2074324107,138.85.150.86,838,TX
1459415024,144.122.39.176,45,PA
885694042,88.180.4.176,96,VT
1497480182,233.245.125.251,867,ME
1077452669,221.103.100.157,324,CA
820505555,33.124.62.7,523,CO
1685238483,214.104.120.63,853,NJ
900736241,12.17.77.213,787,CT
1410651295,20.238.36.179,695,CA
733674521,254.193.105.195,576,NY
902358972,157.166.191.131,1,CO
2099031216,115.110.136.5,541,PA
1207340336,241.171.17.33,218,NY
1331328936,81.149.221.253,205,NJ
1192474047,202.86.118.253,902,CT
1613754250,205.183.11.57,666,TX
1465297741,9.155.254.178,536,CA
842368302,22.111.34.85,545,CT
937123788,169.133.163.240,670,ME
1878546269,164.128.36.48,264,ME
1072230505,167.185.27.169,48,CA
1671988330,94.241.101.234,394,NY
1199329971,31.208.162.154,460,VT
1069482738,180.102.235.16,607,VT
1043873947,230.30.169.142,480,CT
1304729274,26.45.57.2,429,CT
2081032839,172.222.190.208,889,CO
791774297,64.10.146.36,350,TX
826836175,168.25.36.228,851,FL
1431476267,209.33.160.164,757,ME
771105569,120.195.136.181,415,NJ
1080365441,41.213.54.208,475,FL
975349461,238.107.183.208,473,NJ
1790209038,61.225.162.161,833,CA
1640597457,78.12.49.192,57,ME
733309622,92.246.64.34,606,PA
2024597506,197.165.108.212,385,CA
1806277787,31.153.41.17,392,FL
1549027886,202.151.80.187,432,CA
1816962927,82.126.83.24,694,PA
901944967,251.246.80.222,92,CA
1338675694,196.42.90.159,342,NY
1625214145,22.175.9.66,991,FL
1402018171,254.90.46.193,601,NY
836247101,64.198.139.187,544,CT
1606697789,115.22.166.130,411,NY
1210707031,43.66.18.22,999,NJ
1281553449,62.235.158.130,318,FL
743690554,50.80.124.224,308,FL
1350806855,254.121.32.32,524,FL
1315005471,135.147.40.32,567,CA
975350165,153.161.232.152,109,ME
1417311505,120.72.251.165,989,ME
905561047,16.11.152.183,39,NY
2088561711,225.14.23.25,902,NY
1782571077,199.245.11.99,633,PA
1495223610,124.34.210.100,357,CT
1817272634,66.92.93.137,232,CT
987272207,209.74.135.15,163,PA
1552823008,179.100.70.161,808,VT
1371814242,208.23.246.37,791,PA
2055791960,143.150.251.218,114,FL
1156019684,166.237.6.53,119,CT
1201785995,186.253.117.78,552,VT
1999041639,201.107.210.158,846,CA
706622310,80.79.103.35,29,ME
1675865882,239.25.13.98,176,NJ
2029078351,95.12.148.120,401,NJ
1778089605,142.218.188.229,904,ME
1973865472,91.233.57.51,268,CA
1132888692,214.163.66.147,966,CT
1069531789,22.47.95.203,942,FL
1830683345,103.142.226.26,197,CT
1093688665,11.206.146.94,35,CA
1002697390,36.1.164.229,530,CO
1384170053,105.25.116.91,226,ME
1146313771,249.194.178.178,79,PA
762836111,148.83.98.230,445,TX
750972239,103.235.35.118,341,ME
1430043942,21.185.253.82,246,CA
1051829960,79.77.13.111,194,NY
1274830300,87.37.73.112,653,VT
1105326927,77.225.219.210,531,CO
1581759286,147.19.93.45,53,VT
942422893,228.91.36.51,292,NY
1157605912,37.108.203.43,837,NJ
1658877905,167.118.202.182,303,CT
778078734,171.78.191.202,535,ME
1859362913,73.206.46.122,513,ME
877094815,87.250.60.97,616,CT
1528678639,167.199.111.71,613,CA
1066671308,110.1.137.31,261,NJ
1731550388,157.251.251.227,861,TX
1194291435,232.101.23.16,663,NY
1899170661,206.29.12.65,267,VT
2069007158,4.109.190.190,708,NY
1792251322,118.36.216.37,21,PA
1267074143,207.19.35.167,329,ME
1603051891,208.220.206.228,308,CA
1949326515,66.246.187.254,606,FL
794113321,142.141.180.38,822,CT
1341088205,233.144.89.42,764,PA
859173581,54.44.24.242,784,NY
1202266253,68.96.119.191,126,ME
1548862906,34.216.148.121,464,VT
1145708125,37.98.33.198,11,ME
1544514522,231.123.102.54,400,CO
1378593466,74.140.208.203,28,CA
1727929658,106.241.108.185,386,NJ
799700680,30.36.200.204,512,NJ
1725383562,74.77.91.188,796,CO
961379122,169.125.91.123,323,VT
1386930559,138.136.210.181,659,VT
1328510506,19.177.155.17,364,NJ
1729181721,187.17.253.143,679,TX
1621055920,239.72.147.50,393,TX
1525523536,210.78.239.22,394,PA
1859541996,71.99.176.136,444,CT
1177197230,6.57.125.38,601,CA
779704255,38.82.20.7,56,PA
1776692900,12.28.227.124,808,FL
860129375,181.57.38.181,118,TX
1175705983,205.130.150.215,408,VT
1374396725,56.33.120.36,168,CA
1446372846,118.63.227.194,392,CT
1413825444,209.24.145.182,219,CO
1149841262,186.63.207.97,82,PA
1780900915,30.241.144.234,14,PA
2074107613,147.156.214.105,856,ME
1342034610,47.81.254.145,269,FL
1478698077,15.59.140.89,278,ME
1432032554,50.208.150.76,383,CT
1879111892,11.68.30.209,52,VT
1962092423,37.45.162.18,435,VT
1292665449,175.24.26.105,498,VT
1624440737,73.250.241.175,696,CT
912547751,162.153.64.239,761,ME
1676508642,184.207.56.224,414,CT
1246085128,144.180.135.142,85,ME
1013274756,3.147.165.121,479,NJ
917854633,126.91.151.186,449,FL
1274182601,200.202.196.84,683,VT
1430609219,67.7.24.92,979,FL
1428168744,55.230.247.152,297,PA
1943433322,69.94.110.165,88,NJ
778915525,197.222.99.172,407,CO
2084917073,161.140.143.202,771,VT
695466842,87.12.8.247,103,FL
1640809012,191.16.13.236,528,CT
1637193310,41.132.120.96,717,PA
1586304355,69.171.101.209,309,VT
639014011,178.241.100.250,288,VT
1742680262,69.213.200.77,248,ME
813860003,23.52.2.192,493,CT
1974166295,96.181.178.237,991,TX
970012315,1.235.139.29,880,NY
2062066302,108.151.89.223,525,ME
2085317088,162.42.30.142,88,FL
1009168493,90.4.35.125,929,CA
809367061,83.32.5.72,734,VT
1402156857,160.245.235.111,745,ME
2060705547,49.186.247.22,16,CA
1061476753,166.21.160.75,825,CT
1745112644,222.85.189.12,934,TX
643574624,70.72.23.245,434,CA
1666931890,242.38.196.208,217,FL
1771259135,160.83.218.61,408,VT
1553362466,107.181.174.29,62,CO
1929382708,141.124.52.236,460,NJ
1480764113,233.133.60.83,846,ME
1450350734,171.68.87.12,759,PA
1142709758,183.243.204.37,270,FL
2092789895,38.1.150.201,134,VT
1923541719,151.70.63.78,472,CA
2095773362,157.94.11.226,885,NY
1115563829,230.53.89.76,66,ME
1276370721,158.201.96.74,649,CT
1909789986,251.72.159.123,880,CA
1989641278,196.168.213.90,877,ME
1208768442,54.59.55.188,438,TX
1363172370,206.78.39.93,51,PA
1281823602,20.222.148.134,662,NY
954553514,21.178.169.192,441,VT
1897088124,58.211.251.192,408,ME
1201171789,150.198.120.102,627,VT
631820672,33.222.29.61,226,CO
2003466399,40.17.156.21,657,CT
1287102580,194.99.46.187,95,NY
962591893,103.171.166.185,736,CO
1847279933,236.233.244.168,813,ME
1778814540,138.219.19.14,870,NY
1975546316,112.67.43.59,296,VT
643375940,167.50.207.38,322,ME
1890976134,182.171.153.70,678,PA
1503878907,247.164.240.113,397,TX
1359661991,226.35.15.138,198,TX
880055171,224.127.107.236,250,VT
709895637,19.21.254.142,12,TX
672829917,93.224.20.74,523,PA
707152135,206.112.122.14,668,NY
1795975118,226.33.198.4,773,NJ
729874209,52.129.54.120,546,NY
952682585,31.130.206.42,497,NY
1934220986,3.26.188.96,470,CT
1732965240,59.47.72.241,702,VT
766827527,222.21.186.113,481,PA
1752023244,126.90.69.251,868,PA
789377624,131.145.117.36,69,CO
1327463110,32.58.56.81,341,TX
804120693,208.20.148.60,813,FL
714878521,33.170.109.136,409,NY
1157948705,166.66.116.227,356,TX
1635705222,5.10.32.55,993,VT
1530756468,216.17.224.42,936,NY
979164425,94.248.123.2,636,FL
953870497,167.227.87.151,573,ME
690343775,12.95.104.10,913,NJ
1679753240,44.219.197.37,571,CA
1959404810,238.176.29.39,872,TX
1495520134,112.161.252.63,44,ME
934583403,250.140.65.120,539,CT
912074023,216.168.226.220,938,NY
1805412726,243.201.13.37,232,FL
889775369,27.241.210.114,568,CT
1677909421,175.84.41.110,778,NJ
1123934832,135.221.143.219,984,FL
652612898,166.94.182.126,308,CA
2085822677,166.50.120.225,880,CA
1618999011,11.33.187.74,660,CT
2022212461,147.110.10.38,595,NY
1539497469,63.115.75.187,563,FL
1535564606,230.139.196.152,944,CO
1203481285,13.254.111.133,547,NJ
1291819387,102.125.44.229,245,CT
1158327402,142.204.25.55,415,FL
731925667,246.58.4.4,823,ME
1809741017,204.109.156.231,664,TX
1369277680,208.232.74.3,711,NY
1428357007,120.97.109.30,186,ME
1200494311,47.179.86.135,981,NJ
1117301259,232.213.248.187,375,ME
2068652870,179.160.57.214,238,CO
1715987874,23.73.148.251,144,CO
1502943505,234.47.24.109,417,PA
1932447506,198.249.121.211,582,ME
1171070592,26.194.116.7,255,CT
1233752653,12.86.138.29,399,PA
1580937189,69.166.212.36,919,NJ
748308204,199.141.176.181,323,NJ
1711816309,19.93.8.89,39,NY
1297662460,52.219.6.248,783,NY
992304131,163.20.189.71,728,ME
1864060263,106.243.204.100,919,CT
1378692684,131.147.107.249,870,NJ
1563682618,10.178.42.128,597,ME
820504287,79.203.103.55,490,FL
1588539739,39.108.171.55,96,CO
1027945985,111.170.147.239,13,TX
1438483541,26.10.242.2,837,CT
1465090534,84.66.249.236,991,NY
1824804079,86.121.55.38,364,CO
1582829898,140.120.230.185,513,FL
1976164182,238.196.168.153,130,VT
905809070,211.232.187.162,909,PA
1398109341,53.46.229.75,348,NJ
1861083956,71.2.161.97,663,NJ
1890918382,65.204.52.246,530,FL
1414125673,61.70.120.175,601,ME
1848178950,54.213.143.170,80,CT
808645679,39.229.50.196,840,NY
1127383830,103.8.124.220,913,TX
746064452,123.115.15.225,579,TX
881690043,1.187.145.25,112,CO
1772650832,66.61.34.184,694,NJ
1225682480,106.67.207.172,442,CA
1482930506,93.220.61.36,64,NY
1967691164,19.207.32.151,781,NY
1716101735,189.84.93.204,831,PA
1936217935,207.86.223.161,167,CO
1582467051,162.86.91.130,443,PA
899295173,127.173.29.220,203,NY
2045046826,220.200.223.93,96,TX
649738326,161.213.176.107,151,CA
758764809,176.183.230.129,151,NY
2044212182,38.236.158.14,911,ME
1070276077,49.123.235.220,865,CO
1627379442,217.26.210.223,709,TX
1790508840,194.158.121.109,754,CT
1653342936,49.233.45.45,936,PA
994834541,49.200.173.49,849,CT
1509185961,217.134.61.248,413,ME
1723503474,133.7.88.8,371,NJ
1905937829,54.1.169.22,70,TX
1545966820,182.150.250.230,160,NJ
2003812879,199.192.227.63,436,CO
1477655357,140.243.144.85,538,CA
1588140806,22.198.234.207,544,CA
1457475698,156.152.28.158,60,CO
869750931,210.157.128.76,922,CA
1286624713,142.235.23.23,312,PA
842599938,118.251.214.82,377,CT
1596703149,95.143.230.67,566,ME
1065534532,152.48.119.148,716,VT
1034564138,165.178.159.215,707,NJ
1704143691,6.211.203.252,97,VT
1837088548,146.211.222.234,929,TX
1451298741,235.16.23.145,336,NY
1487903758,235.178.59.248,369,PA
1106597761,201.122.98.57,221,TX
1083235657,162.51.88.254,264,TX
1960753064,97.83.64.173,653,CT
1807019563,143.66.35.67,272,PA
1812549080,69.134.28.58,67,CO
830733291,81.105.57.94,205,TX
1269231678,133.139.29.82,822,VT
1786966601,151.41.182.32,159,NJ
1756365597,135.44.34.102,996,PA
1305773304,84.15.131.169,631,CO
1832603790,216.176.116.104,535,ME
1913206229,45.214.160.107,395,CT
1944772446,200.159.188.173,253,VT
1805274670,120.102.154.29,316,PA
754038120,146.179.197.224,792,VT
1255936599,98.230.142.125,186,CO
926355462,138.89.240.232,707,FL
1936447596,156.85.89.87,744,VT
1985754259,144.115.91.2,615,CT
1009407552,167.96.41.124,820,NY
1137441296,237.0.248.14,957,NY
1409908052,61.181.14.65,35,CO
1021580427,108.110.226.130,638,NY
1133627941,102.57.53.222,177,CO
1874513026,222.64.116.165,396,FL
2071293571,211.239.235.96,994,NJ
1491161116,166.226.194.17,870,NJ
1325232188,183.77.169.115,496,FL
1899845235,198.20.24.68,97,NJ
1386424859,133.18.167.171,16,FL
1982721920,163.116.205.160,537,NJ
2079507941,245.59.197.84,168,TX
1865327760,0.202.161.228,59,ME
1892406050,88.117.43.247,888,NY
1151219172,182.108.1.126,553,NJ
1249591134,75.244.185.108,864,NJ
735242052,251.79.42.94,356,NY
2041326259,85.246.58.88,292,PA
1931339408,173.1.150.144,737,NJ
1588851656,146.184.172.223,991,NJ
1761702045,38.246.10.229,871,NY
1015662162,139.49.47.223,903,CT
1459441975,191.249.220.46,433,PA
2004899520,167.159.164.168,9,CO
1541654652,16.136.236.242,313,CO
936501359,72.208.238.129,351,ME
930858699,160.161.21.6,551,PA
1147028026,28.110.112.123,318,CA
1688036026,194.43.36.238,565,NJ
1077896244,82.147.208.77,646,VT
2031323019,52.121.217.191,829,NJ
1035952347,18.87.193.10,810,CO
632482103,198.252.109.130,901,NY
956344757,18.227.240.149,709,VT
927185161,20.158.230.150,144,NJ
2051892299,233.61.161.202,898,CO
2065459863,56.137.212.126,683,NJ
766751361,174.87.2.24,400,NJ
1855442015,23.212.114.63,344,VT
1269016031,31.212.45.167,702,CA
680701574,207.145.154.208,97,PA
1740622321,102.223.92.242,96,NJ
1540860080,130.250.91.114,754,CT
2007814091,120.53.175.93,734,PA
1229544382,244.81.5.117,900,NJ
1547924222,122.174.56.26,636,PA
950670278,59.19.84.160,850,NJ
1132465542,163.111.49.152,852,PA
1552726880,215.2.241.219,319,VT
1174305801,161.4.235.156,106,NJ
760873907,177.220.55.196,841,FL
1420607033,13.22.88.142,157,CO
1827821483,64.164.82.101,646,FL
1259195311,94.209.196.129,662,ME
1813562515,194.74.85.130,162,ME
1154440857,235.146.134.64,969,CO
1404251509,135.187.137.160,551,PA
1898107222,85.33.203.95,740,NJ
1286687355,211.233.16.89,409,TX
1021754719,35.9.37.198,521,NJ
1667852675,91.79.5.178,522,ME
1605061197,204.32.53.154,917,PA
1119897046,232.101.18.246,660,TX
851279964,107.201.189.205,618,PA
1542122424,160.64.126.233,524,TX
1071826495,120.155.191.155,612,PA
672914032,196.87.4.135,841,PA
1665529048,10.178.204.111,58,PA
1923655558,178.169.58.85,864,NJ
651532069,213.202.203.81,890,NJ
885391885,46.63.105.42,535,CT
1397757003,23.112.110.209,813,FL
1062470813,184.65.206.180,369,VT
1746111064,26.96.204.254,93,CT
897176770,39.92.100.142,33,CO
871885350,156.98.215.88,260,TX
1047136204,187.88.64.197,141,FL
1969310772,182.10.121.60,287,CT
947163162,7.62.37.221,865,CT
695912439,233.120.0.88,844,CO
1217669820,246.137.178.234,811,FL
1615377548,252.59.102.12,656,CT
863166840,121.101.42.76,109,CT
1320796098,56.163.43.48,477,CA
1905773936,120.22.143.135,165,VT
770855823,167.34.84.95,621,VT
1341905924,230.38.210.50,234,CA
1885785773,87.135.141.160,602,PA
1137343229,167.99.110.40,817,TX
808709328,69.178.94.122,213,CA
1201250152,142.244.33.193,367,NY
1122726496,75.39.24.238,54,CA
2041938771,127.132.15.233,661,FL
944966684,103.221.58.86,17,PA
775647474,208.199.125.187,922,TX
1787631808,145.14.123.82,470,NJ
2024241054,161.125.10.70,284,PA
1738192580,244.146.248.242,453,ME
1291818055,208.4.246.90,824,CA
1524635995,88.15.179.165,266,CT
671427958,28.191.0.200,23,NY
887375254,100.214.163.132,496,CA
1373680502,205.69.212.164,35,ME
683133506,158.153.132.73,879,ME
1064235675,107.161.138.28,502,FL
2018443912,25.143.96.190,290,ME
1638438733,192.151.244.19,701,NJ
1647581936,181.13.215.243,511,PA
872346372,161.185.168.95,474,CO
2070275608,92.158.220.237,174,NJ
1296821367,93.63.181.189,179,NY
1423504614,40.36.62.176,574,ME
1594151826,113.169.119.224,869,TX
1074034382,200.174.78.229,812,ME
746167338,219.148.138.95,811,TX
2103367394,101.231.192.168,946,VT
638979643,69.32.71.203,408,NY
995817181,254.253.68.55,277,VT
1562390036,172.21.25.146,874,CO
764834967,120.77.52.187,610,CO
1613127502,73.188.37.84,620,NY
2099507555,121.23.214.193,215,NY
1552540843,112.123.7.63,194,PA
1730308642,47.199.87.89,490,PA
1144275921,180.69.7.88,215,CT
1691957330,179.128.193.37,264,ME
820624803,132.141.184.113,400,CO
903601598,78.55.100.235,405,FL
769694193,82.167.143.37,909,ME
829029633,180.165.100.238,74,FL
983369729,54.216.15.195,145,PA
1929288376,26.3.144.47,801,PA
1063924396,212.183.167.155,974,CT
1993876939,60.196.70.233,664,CA
890429453,194.215.75.93,720,PA
846035062,111.151.44.84,739,NJ
1627827314,127.248.130.23,708,CT
653730298,88.173.92.250,415,NY
1428784209,156.31.41.149,293,FL
837139194,225.173.186.105,271,PA
797801168,200.60.244.206,836,TX
738277815,12.89.16.23,507,CA
1218453466,62.104.46.246,759,NY
1428955177,49.199.203.95,223,CT
1473391870,48.174.241.192,926,NJ
2078195676,119.19.41.153,796,FL
648034203,159.219.176.253,400,NY
1784178835,85.183.50.60,259,ME
982015545,210.240.213.156,210,ME
1388677225,220.26.193.44,89,NJ
1553351617,43.66.249.30,498,NJ
2016003553,254.69.234.102,38,FL
1801340146,201.52.155.212,906,VT
1733020061,244.49.148.14,584,ME
1920642690,132.95.165.17,483,NJ
952279236,8.233.220.45,384,CO
2055644892,37.35.174.215,297,NY
876683557,145.93.74.22,178,VT
1960981454,212.163.41.241,537,ME
1498111363,145.182.155.234,667,NJ
1567479369,164.244.107.192,942,PA
1230763599,117.160.239.34,355,CT
653372951,160.144.246.155,794,NY
741433107,160.131.219.176,399,NY
720130472,76.90.61.19,459,CT
1297310385,168.112.101.217,439,CT
1986199634,35.70.186.14,322,CA
1087408572,165.187.115.169,283,PA
1648487038,37.236.222.206,857,PA
680569396,63.154.73.116,625,CT
1393266543,89.22.1.0,5,FL
2015363548,254.15.254.155,772,VT
1181330248,125.43.69.125,529,VT
1205311483,50.19.220.153,498,CO
819160255,146.191.232.90,49,NY
1204883062,192.43.103.211,753,CA
895180839,153.110.102.234,555,ME
2100463193,48.77.174.89,623,VT
777026881,108.221.110.139,923,NJ
1709701460,129.236.204.234,129,ME
2060676976,12.61.109.23,848,TX
1569224016,64.228.36.19,648,VT
1812320984,152.151.28.23,204,CT
831807670,192.140.123.45,493,PA
1959994270,165.3.174.137,460,VT
1677569244,124.239.75.99,102,VT
1795874959,209.148.4.157,198,NY
1027232920,39.37.3.101,267,CO
1722672280,67.77.51.149,610,CA
1375665759,81.56.230.134,987,TX
1116044182,50.223.185.133,512,CT
979934134,227.153.70.39,491,NY
1997352603,227.187.54.140,282,ME
1166377318,47.38.229.173,437,VT
1263252527,68.113.45.73,182,ME
700073195,65.206.92.248,266,CT
1160354912,107.170.75.237,710,FL
1164248462,80.80.243.76,561,CA
1876386286,55.56.134.31,402,CA
706209781,163.226.36.228,254,NJ
916928820,129.196.194.163,208,CA
1318108780,177.37.72.77,271,NY
728454824,118.24.5.186,701,PA
1041981628,2.124.28.87,858,NY
1360643794,189.207.249.58,913,ME
881706757,251.25.0.129,447,VT
889031865,30.246.213.18,156,CA
1629175535,197.243.122.80,755,CT
1075339010,222.75.76.61,120,NY
833780635,114.49.8.184,47,VT
1864058852,103.226.51.14,842,ME
1830578055,57.132.243.240,140,TX
712699194,0.5.79.165,163,VT
667474288,163.136.226.16,316,VT
927380497,42.47.42.171,62,FL
961221519,50.200.225.165,294,CO
2074419779,100.112.223.119,629,FL
1834673005,109.8.92.172,117,PA
1148469742,171.60.253.224,741,NY
1391086721,151.205.164.48,555,CT
1160641438,53.57.88.116,369,NY
738416091,105.252.201.165,310,NY
1165269429,4.156.152.167,149,VT
1028010055,211.8.39.95,428,NY
1653844978,30.61.233.122,491,TX
682453837,209.95.137.237,841,PA
935055403,88.86.56.83,800,ME
785068493,91.177.225.22,545,NJ
1538226500,132.226.18.33,207,NY
1443400176,4.131.87.90,929,PA
1272163042,221.177.43.215,71,TX
835528501,156.150.84.111,631,TX
831445411,60.133.160.176,295,VT
1535519062,220.66.110.172,247,PA
980465955,29.59.174.161,981,ME
1062269394,116.141.110.85,213,TX
952882220,117.161.193.233,210,FL
1375542133,40.153.115.43,356,CT
1856459997,144.246.85.112,434,VT
1194979781,142.105.214.55,777,NY
683122721,49.194.75.155,287,TX
1072624133,148.64.250.60,634,CA
1073063965,30.38.81.38,490,NJ
1639612416,243.199.94.174,547,CA
777825234,229.34.115.128,829,VT
1564484933,89.55.194.153,642,NY
1040920519,254.184.248.112,639,FL
1738860198,108.78.65.101,19,NJ
1521252011,103.234.72.76,783,VT
2063657305,100.71.245.134,176,NY
1407991101,69.167.240.27,504,FL
1021855507,227.72.238.43,732,FL
2095154940,227.132.33.251,726,NY
1653774256,113.26.227.246,787,TX
1234181507,161.236.174.205,303,ME
1433454658,183.116.72.191,368,FL
1565911068,4.33.18.134,653,TX
1427460227,83.249.133.2,67,FL
1029042507,159.59.220.135,902,TX
2011197079,220.118.89.118,330,TX
1635039247,76.150.15.15,258,CO
1109928137,111.128.200.23,263,ME
1090848376,81.229.226.207,107,FL
986334315,175.50.206.86,372,PA
1036658184,195.140.122.243,446,NY
1592357330,152.11.67.198,187,ME
1030569075,187.105.122.150,945,CA
1476823969,198.2.224.134,113,TX
1360563903,187.56.91.78,947,CT
1019202937,203.23.248.38,36,PA
1391252986,194.72.186.159,858,ME
1003314668,43.36.250.252,428,VT
1324239270,20.124.127.211,139,FL
694343305,240.138.217.165,229,NJ
2026483979,239.216.22.251,749,CO
1764823181,32.123.208.172,348,TX
690330621,113.153.136.33,926,NJ
1240298792,245.99.112.104,722,PA
1035222482,5.47.120.59,948,NY
1847394295,44.154.2.235,92,CO
844491219,4.186.48.218,879,NY
1142740586,140.233.152.33,250,CT
766630048,68.79.73.157,833,VT
1712866079,191.107.2.31,451,ME
2088755246,58.235.135.183,864,FL
1429105867,131.84.181.15,606,PA
893778494,54.224.233.213,739,FL
1184410768,205.202.56.200,179,VT
963457261,211.164.162.230,926,FL
1637430893,83.227.63.208,580,ME
1164888677,97.185.136.214,62,TX
757597657,17.29.242.6,147,VT
1288305995,147.146.125.144,258,CO
1473797308,76.20.241.30,626,TX
1318440790,65.29.247.94,884,CO
891974773,112.240.96.5,784,CO
805213444,47.98.206.185,455,TX
771323381,120.2.208.184,197,CA
952867404,235.60.38.71,437,ME
1889962144,168.88.101.111,310,TX
1091122175,60.31.211.254,119,VT
1777887824,224.202.64.165,80,NJ
1639763877,133.79.198.134,109,CT
914443997,85.113.202.207,546,CT
1500387018,99.56.184.139,177,CT
1218522473,212.157.167.114,941,CT
1726798065,226.180.77.17,338,VT
874303105,233.94.165.177,178,PA
1628880280,49.60.123.223,606,NJ
1703920523,14.247.103.169,325,NJ
1282394514,51.57.186.94,633,CT
1388361625,252.187.12.251,320,FL
649676081,124.193.35.204,422,CT
839075724,229.93.147.131,41,FL
1403129429,56.34.189.85,918,ME
1570054501,8.37.11.72,814,CA
1658903806,121.156.40.156,164,ME
1950676996,55.109.231.114,803,FL
825237165,6.120.29.109,926,PA
1607727942,197.174.242.41,705,TX
697691590,125.189.226.100,131,PA
1790692367,93.49.123.152,358,CA
1313610240,39.181.145.232,899,CO
1264871397,27.173.87.173,545,CA
1576671596,235.129.131.235,19,CO
1202688478,69.228.156.241,576,TX
1471774540,147.22.126.214,862,ME
996486032,74.80.37.222,693,NY
1028561570,188.105.54.41,170,PA
1219254850,228.126.56.86,675,CO
1183928800,34.198.144.115,633,ME
1555738677,184.120.129.54,690,NJ
1474056512,11.220.88.232,692,TX
727130000,31.125.179.37,767,CT
2030408479,137.154.216.219,504,CO
1916822111,235.147.33.14,18,CA
1641604053,49.78.49.134,669,ME
1525999936,50.151.46.43,935,ME
1262054189,228.232.44.139,350,PA
1144327102,167.48.144.160,436,PA
1621755402,65.240.24.221,866,CT
1053794764,188.148.66.40,679,ME
1464718584,212.36.246.183,8,CA
1804379647,81.249.153.134,83,TX
1805912577,158.182.156.162,965,ME
1019857787,146.3.179.73,726,VT
2037167194,8.20.197.28,576,VT
1255788600,244.144.31.3,527,NY
810360806,154.4.39.157,623,ME
2029353057,8.52.31.141,983,CA
983461789,224.69.82.249,279,CO
677764079,28.135.61.98,836,ME
1018254656,54.234.135.100,734,NY
1342067583,128.65.107.57,951,CA
1060663900,13.153.37.76,450,CA
2054623815,46.95.117.113,104,CA
1350252941,67.57.92.64,454,CO
1917216883,150.230.154.230,26,NJ
1215627064,66.5.216.213,409,FL
1022263891,154.219.111.180,281,CO
851233893,9.125.168.66,709,CO
716039018,15.24.202.61,231,ME
1157823722,55.89.55.102,378,CT
1058664845,13.246.160.99,346,NJ
1049211565,131.220.169.131,864,CO
1200109592,236.212.247.90,784,ME
2038134586,151.200.35.179,851,TX
1966709091,178.147.206.118,631,NJ
841174394,194.23.88.152,237,ME
841815547,136.94.9.21,160,NJ
1752584259,115.73.102.199,127,CT
933307182,225.204.128.62,326,CT
1514304342,157.152.237.6,361,FL
829864643,11.114.241.221,373,FL
1753334202,16.223.233.199,87,NJ
1705118796,102.46.233.60,221,NY
1861805680,145.214.55.228,635,CA
860407626,92.222.34.192,924,CT
892344199,177.157.51.88,918,ME
1483875727,106.53.216.147,613,TX
1426757737,48.49.161.107,910,CO
980588786,139.63.155.101,632,VT
1603165600,105.53.188.240,181,CT
1762517775,133.29.121.165,1,NJ
704685821,31.92.207.137,709,CA
1868065174,68.127.148.141,292,FL
1762838481,7.167.63.101,796,NY
1029325988,219.146.154.213,921,NY
845591016,152.91.206.133,306,PA
780411917,113.201.23.83,8,NJ
1760134699,252.39.23.242,967,PA
1401541555,170.193.9.119,926,CA
1189432771,173.217.101.9,827,NY
1220643345,183.69.32.174,715,NJ
659334788,167.196.23.222,798,CO
668395197,210.80.154.244,964,NY
1284342735,141.56.11.138,851,PA
739986171,20.93.133.193,972,TX
1850373248,5.194.199.183,448,CO
796604687,175.181.239.200,803,NY
1643011666,49.138.32.55,835,ME
669675536,63.112.162.7,490,FL
806868025,191.32.52.126,519,PA
1624185983,91.196.86.126,516,CA
1425807671,47.227.43.69,109,PA
1191129075,28.246.151.153,236,VT
753813081,223.210.12.184,112,TX
2109306129,87.203.224.77,618,FL
771773545,19.139.227.85,774,ME
970043955,50.111.30.69,82,PA
1174912139,20.112.114.243,819,TX
677261020,238.48.164.245,49,CO
1588844440,237.242.27.254,101,TX
1216322222,94.100.236.200,1,CO
687812150,163.42.206.192,463,PA
1015296820,61.98.250.173,113,PA
1326525923,188.104.226.196,792,PA
1400425109,241.151.16.83,142,CT
1303674389,168.219.170.30,891,CO
1652806598,56.26.232.134,655,TX
2071340233,13.82.62.240,132,CO
1034545354,73.220.243.169,908,CO
770442503,249.146.250.18,391,VT
1318970871,242.247.50.125,752,NJ
2065873964,155.202.14.226,835,NJ
650197955,156.120.111.139,692,CA
1998103190,190.37.20.142,946,CO
2044051335,219.53.221.119,750,PA
1102677192,209.112.181.117,315,NJ
1703782288,20.185.0.147,751,CO
986756911,4.32.77.104,69,CT
1584851395,122.166.92.139,141,FL
1358954324,73.206.152.138,635,ME
1582206234,80.195.61.170,664,FL
1178405969,220.3.221.77,592,NJ
1455264670,27.121.102.46,782,NJ
863663641,34.113.244.236,736,NJ
861930734,145.98.246.248,630,TX
1119385576,72.247.126.188,132,NJ
926362073,225.32.13.98,521,VT
2101866585,52.171.149.69,59,FL
1016473966,157.120.204.197,344,VT
1498771502,120.60.135.145,170,NY
981570963,223.1.162.153,885,FL
711419112,24.113.136.178,606,NJ
1308020542,128.185.23.151,676,ME
1645816966,162.167.146.13,752,FL
1295592259,95.50.225.97,384,FL
1124911744,59.44.164.16,77,NJ
1993355454,98.235.24.16,47,PA
1813413243,231.18.222.13,715,VT
653785882,50.139.244.38,288,PA
2077441435,236.20.7.174,430,PA
1939822446,136.111.234.48,827,NJ
2070015681,43.158.228.142,498,CA
1920659756,164.248.53.244,598,CT
1387662959,89.126.174.199,87,FL
1612954499,58.73.192.153,491,CO
2049082433,208.68.47.67,498,CA
1693159300,31.185.123.12,287,CA
1589701375,104.147.146.113,296,VT
1337856751,194.15.43.5,979,CT
2010983238,78.166.28.81,750,CO
879464920,111.121.139.6,462,TX
1732364746,41.36.17.197,861,ME
850411252,29.248.88.113,532,NY
1320751893,34.172.87.81,80,NY
754695777,164.241.111.165,191,CT
1508452961,180.56.214.87,623,PA
836520130,116.188.194.147,862,TX
1050840510,251.63.42.189,757,CA
2089044553,105.228.149.201,14,FL
1156176352,226.17.187.96,531,FL
1640787015,57.99.185.236,234,FL
1131409829,212.101.11.94,277,NY
1719008613,47.16.140.29,789,ME
1187194095,205.122.163.140,781,PA
1965122385,211.92.102.90,618,CO
1881988348,113.194.180.69,437,CO
1831966915,213.96.41.53,364,CT
1626352133,202.146.126.71,106,TX
678684619,28.49.32.114,146,CO
1856601076,32.147.87.188,896,CA
1282625458,122.150.127.19,452,CT
1218062689,129.31.193.153,871,ME
1764730423,11.70.80.99,74,CT
1547571720,178.251.127.148,309,CT
1153957446,231.243.40.106,253,CA
1307889985,130.231.74.197,695,CT
839728319,13.232.108.216,132,CA
1983904947,108.201.171.131,102,NJ
1935510367,79.163.46.104,202,NY
1235628482,120.92.157.231,55,TX
826493578,129.149.174.241,341,NY
2069671172,73.92.133.197,519,VT
1053060487,132.79.46.101,590,FL
1779463674,231.49.170.88,767,ME
1096061874,43.100.82.15,808,CT
1089491261,111.22.139.134,927,PA
2042817167,109.42.176.204,553,NY
876621225,72.170.96.177,803,CA
1929142611,148.3.139.98,93,CT
677977308,119.222.201.233,9,CA
915202826,97.171.57.72,565,PA
1679849835,214.145.246.234,325,FL
1346519746,72.237.76.254,825,FL
1055011752,218.43.0.41,31,TX
1360827577,0.25.227.135,141,CA
1360785718,251.220.108.212,837,NJ
1702803726,245.19.224.59,274,NY
1835231985,1.217.225.69,776,CO
1629550583,135.76.165.140,943,ME
1556193747,96.236.26.60,608,VT
1478487802,71.36.229.158,358,ME
1155820082,142.48.159.56,585,FL
1684249152,99.176.60.179,743,CT
2092657237,50.75.70.134,845,CO
817087258,169.190.123.245,211,CO
1265202880,230.0.11.183,287,CO
1459497984,59.70.29.83,443,VT
967129486,112.1.239.47,621,VT
988652179,91.78.143.239,395,CA
984147557,55.38.115.22,459,NJ
1836093189,29.116.39.220,749,PA
1316624280,205.121.240.178,243,TX
984907937,16.226.235.208,937,PA
711271278,106.22.146.252,29,ME
1105770432,169.243.101.113,965,PA
1290464124,167.167.191.109,84,NY
795841561,178.25.135.135,674,CT
913526137,67.173.53.183,731,VT
1878929803,145.147.110.38,743,TX
1252939623,88.31.251.125,200,NY
1747932818,47.83.6.164,680,FL
841504480,36.51.77.13,778,TX
1291916230,86.151.104.213,115,TX
787078364,13.136.32.104,467,VT
1976402196,32.217.65.1,126,ME
1623305614,4.242.186.166,254,PA
1665840182,116.200.168.96,430,ME
1400406046,14.225.176.28,648,ME
1194798239,180.85.82.185,46,ME
1505689031,18.117.161.25,428,ME
2096065935,188.17.8.210,31,ME
660626809,147.175.54.20,998,VT
2103834911,222.94.74.133,772,PA
904194196,191.78.15.43,812,CT
1418384821,11.162.182.177,317,ME
2056877435,120.153.177.46,18,FL
1723160201,155.156.17.66,656,CA
1693039396,241.33.126.93,812,PA
1184766357,234.39.189.42,634,PA
2066696169,178.110.132.90,531,NJ
1372100866,107.70.199.26,949,TX
875775629,63.72.75.25,548,ME
1787180479,26.211.181.237,600,CT
1247225746,148.122.65.49,611,FL
2069241739,92.33.87.3,201,TX
1041885404,242.50.177.236,303,NJ
1944090242,25.15.132.144,105,FL
1530040557,108.78.125.13,647,PA
1517021473,133.209.250.68,937,VT
1269709455,107.199.48.139,349,CO
1330148737,243.183.20.179,230,FL
1665969272,124.187.110.29,436,FL
1911640887,134.98.80.47,273,TX
1580773908,248.196.36.179,687,CO
1842154000,178.96.169.52,719,VT
1376374159,186.118.93.96,728,CO
1328007449,22.145.42.10,49,CT
1995132858,219.130.79.96,881,FL
987416353,74.76.224.216,568,CO
1623599311,161.169.72.169,7,NY
1783530165,163.13.126.183,146,NJ
1970925046,200.45.94.154,201,PA
1253006455,44.138.70.109,988,NJ
1435687732,88.185.91.12,404,CO
2006445890,241.63.62.55,306,ME
1150432360,41.30.34.24,733,TX
697777703,210.108.113.232,256,TX
1624822676,93.196.35.210,909,NJ
1739702365,46.109.34.214,729,PA
1341702408,207.251.98.212,827,NJ
1640775181,72.238.73.226,583,FL
966124035,143.108.217.49,132,CA
1455842974,39.54.12.202,640,FL
1818484197,83.36.62.231,386,PA
1202793965,162.231.226.10,777,ME
2086028088,172.96.79.29,881,NJ
1892956713,69.242.82.74,32,TX
818446619,211.45.4.138,507,NY
1049032956,72.98.80.161,898,VT
2086742285,92.88.218.183,814,NY
1856824215,101.237.6.125,241,NY
830693109,86.166.76.183,406,FL
1046449581,226.170.26.96,835,TX
1525118305,239.49.171.147,532,CA
1068300138,169.117.128.220,614,FL
1980823092,133.167.87.246,862,ME
1393741947,85.85.192.10,848,CO
1564534798,163.147.208.178,688,CO
2108741795,2.107.92.119,472,TX
1488300460,183.154.177.157,103,NY
716773811,181.39.31.131,313,CA
1769433932,14.32.174.155,209,CO
752780657,27.212.229.35,827,NY
1536361306,165.1.15.42,983,ME
718794138,252.249.243.52,752,NJ
988748420,24.84.216.153,7,NJ
1556426793,158.21.175.216,536,CO
960117105,31.220.143.121,383,FL
1029656445,153.78.106.56,329,CT
750028334,93.209.45.95,578,CA
2109368715,80.165.224.51,967,NJ
1232075234,100.128.158.190,80,FL
848208614,74.175.19.25,513,FL
1134300535,67.166.3.196,965,PA
1844284260,136.192.230.53,118,TX
1574254666,9.60.79.147,146,CT
1401732297,251.179.180.136,838,CA
865032372,131.41.191.7,482,PA
1681976208,51.252.102.204,876,FL
1023521609,154.110.33.185,104,NJ
1154166655,237.53.89.145,971,VT
1332889738,139.224.2.81,264,ME
1864892778,29.247.142.223,662,CO
1762938799,188.150.214.155,733,ME
1332465473,161.245.153.128,301,PA
1024797835,202.228.218.55,467,NY
956760529,13.52.69.92,362,PA
1124075382,50.237.3.14,551,PA
665535614,79.116.113.245,299,VT
1370828313,169.155.157.116,444,PA
651535103,57.73.59.52,896,CA
1366401459,233.106.211.42,454,ME
1657583833,60.164.86.92,875,CO
797042907,125.199.131.206,629,FL
1226273761,160.40.182.215,171,FL
2005165199,21.212.124.58,507,CT
1412369362,230.63.28.219,735,CA
1433475825,2.6.88.116,544,CA
1407881361,29.131.223.92,980,TX
1228473721,102.109.52.48,547,NY
1377080351,188.216.61.91,679,CA
1974245825,224.13.39.103,936,VT
2031848059,158.6.75.43,808,PA
1308204859,89.185.94.133,839,NJ
1119364679,100.144.54.192,225,CO
1515770163,209.242.253.76,41,CO
1971536745,114.248.251.156,189,CT
1056898512,12.14.76.22,986,CO
1512884553,123.71.193.71,364,CT
695790015,246.55.63.87,8,VT
1742307540,114.99.135.1,418,NJ
1960181654,174.31.138.244,251,CA
1924062461,143.250.143.118,787,NY
1131721525,108.229.117.139,137,ME
1201370403,73.1.228.12,893,PA
1022146187,75.92.150.203,643,TX
1334020812,37.126.121.151,321,NJ
999907289,71.17.191.180,907,TX
839474576,200.44.57.93,640,VT
1633267037,228.158.249.112,830,FL
712789112,105.217.96.158,776,FL
1130759751,214.50.79.103,864,PA
974883762,89.200.251.170,953,FL
1520690764,46.60.1.118,636,PA
2004816800,14.231.191.164,780,FL
1230337266,59.36.163.253,415,CA
1044476036,230.170.99.184,972,PA
1317964846,143.220.217.220,739,CT
800884761,192.6.237.92,572,TX
1419835294,128.123.143.154,553,CT
734139114,157.239.50.57,526,VT
1424069634,122.43.66.83,362,CT
1963137478,174.36.246.46,507,VT
1348390169,49.157.156.14,364,FL
1149268642,37.52.54.246,491,CO
1629916917,107.3.129.27,897,NJ
1088838379,206.109.133.219,917,PA
969356403,141.180.81.75,518,CA
1584886926,179.148.97.71,511,NY
1140978056,18.222.75.149,779,CT
1672136761,154.57.143.113,183,FL
769583719,241.219.119.100,515,ME
928073992,52.45.187.91,316,FL
1167241933,163.207.136.198,597,TX
1876246498,160.84.148.218,832,VT
1673543982,41.236.41.21,191,NY
1969912305,224.185.5.2,43,NJ
1842235948,120.18.152.226,871,NY
648944389,177.176.100.32,848,NJ
1144491533,131.3.225.125,213,VT
890131291,162.136.49.151,945,ME
649696112,19.157.219.70,143,NJ
1828226422,254.87.180.53,476,VT
1215876198,139.203.138.30,185,FL
1758347029,249.194.120.165,343,VT
862775319,5.91.223.215,740,TX
721776421,123.138.147.70,720,TX
1946650824,15.166.253.79,392,PA
1703354827,216.214.224.232,467,NY
1531579318,47.194.136.152,954,VT
1305552081,25.146.9.209,990,TX
769440200,172.238.115.111,665,CT
701133671,5.101.185.113,814,PA
1858369266,3.234.243.245,152,CT
1712319955,221.188.206.177,608,CO
1308904997,243.214.95.242,563,VT
2045303679,16.210.37.36,842,FL
1199973571,142.31.178.102,228,VT
1809346137,125.95.130.203,177,CA
702773332,191.4.221.104,8,NY
809613136,68.34.253.62,747,ME
958321455,250.136.177.174,993,TX
971089153,213.192.158.182,960,FL
1755539331,203.103.61.238,717,CT
1460709987,29.147.79.241,313,PA
1177834397,37.181.221.222,399,CO
1179702754,164.3.147.36,112,NJ
1827567270,208.185.146.183,637,CO
661845641,144.164.197.121,206,TX
818026486,162.182.223.61,724,CO
1979839854,11.51.245.213,146,VT
1160687602,36.212.203.183,47,CO
1415232903,84.204.183.111,396,ME
1522978794,147.130.176.213,897,CA
2081314815,211.124.8.57,928,CO
1441512060,249.252.191.235,962,TX
955618726,191.198.159.79,384,NJ
1788690323,237.57.114.62,322,FL
2004610860,24.254.239.187,783,CT
2094414485,148.175.88.131,355,TX
1888047135,48.192.153.62,193,PA
854504604,149.133.199.232,258,TX
1698776501,155.153.10.15,64,CO
1664365571,94.158.7.143,972,ME
864836143,96.42.170.226,940,NY
1660590186,106.173.65.106,965,PA
1811210634,243.146.62.3,401,CO
1408017302,163.183.240.209,474,FL
843370357,236.11.67.143,523,PA
1856980137,104.94.188.10,278,ME
1152787242,157.35.41.9,744,VT
1063699716,121.66.187.146,407,VT
952677120,111.84.31.118,960,NJ
1997699111,84.130.113.185,827,CO
1748861377,133.76.43.70,184,NJ
1049594450,118.225.206.93,44,FL
1359958675,24.197.252.211,530,TX
2086509011,165.44.84.52,176,NJ
1760112820,241.21.119.98,307,PA
699648237,249.1.188.163,39,PA
732825817,100.107.172.206,776,NY
863949371,78.252.67.194,536,NY
2113699081,70.211.147.9,242,PA
1368976977,237.12.35.230,439,PA
1363228416,18.13.254.61,695,CO
1172444219,91.53.172.155,341,NJ
1356999037,184.11.239.124,69,TX
1057679003,39.219.118.47,838,NJ
1814265390,226.10.111.120,171,NJ
858125259,231.80.199.168,661,NJ
1824069286,168.241.58.219,443,FL
1973382377,115.0.168.3,463,CT
2008065281,215.217.43.95,68,NJ
2033588058,187.167.182.215,150,FL
1175198273,235.135.208.67,377,ME
2107794211,89.163.145.198,239,NJ
1561138014,230.51.148.161,635,NY
1377230138,116.99.78.237,172,CO
1960531486,218.154.122.208,643,CA
2090280083,60.124.242.23,359,ME
1233723829,27.125.185.164,469,VT
1722630020,148.249.91.75,438,CT
1677297263,177.171.217.85,86,NY
900136583,87.148.198.214,33,CA
1395387461,210.47.134.15,873,PA
1611267447,109.2.196.230,323,ME
1610506260,43.81.144.165,828,CT
1874733612,73.35.138.101,677,PA
1366003823,27.230.199.37,148,FL
1242140296,49.50.109.79,152,CO
1651141387,105.213.225.143,929,CT
787808382,40.238.241.181,204,NJ
761071576,28.146.155.15,932,CA
1358251210,29.126.238.28,236,NJ
1767679722,127.135.130.82,856,NJ
1520615121,234.143.104.7,453,PA
1602785327,13.243.175.217,790,NJ
1201666247,104.78.173.14,672,VT
1468364940,157.215.190.103,761,FL
1791938315,101.202.100.230,211,NJ
1666998797,253.42.116.47,336,FL
1218112841,182.206.200.101,597,TX
1824961427,172.244.108.41,559,NY
1942513408,230.30.92.132,375,CT
1710288920,68.54.51.133,904,VT
2020198306,66.20.32.146,749,NY
811888077,184.202.241.8,51,CO
1629431872,78.81.161.21,134,NJ
1303224996,29.217.132.216,318,NJ
1541334158,127.233.237.13,50,CT
892844700,156.172.144.215,97,NY
1240919690,245.26.222.247,861,CO
1178552618,145.241.11.26,994,CA
1969140920,172.56.180.133,718,VT
1903909924,109.140.74.213,395,VT
994928635,31.157.96.3,885,CT
1293697520,71.239.51.12,258,CT
1033610834,21.110.161.193,242,NJ
2059985628,157.118.56.194,396,NJ
1109769147,189.201.86.223,685,FL
1348204945,83.53.88.20,98,NJ
1463230838,96.78.246.24,489,FL
1359590526,239.140.24.215,742,ME
778628109,20.244.32.219,738,CT
1242485580,142.26.38.56,872,CA
1968577916,253.78.69.189,103,NJ
820267837,99.160.99.56,367,ME
756376997,211.193.28.56,556,CT
1850455613,203.129.241.150,942,CA
1685317188,36.184.48.160,784,FL
872965869,215.32.9.28,754,PA
747582622,51.103.211.37,865,FL
1519493837,175.160.136.185,452,CO
1333554935,83.12.68.177,789,NY
1346742143,61.4.236.210,939,NY
1690448294,125.113.35.58,828,CA
1220118606,101.145.47.230,9,ME
746950869,54.190.44.251,560,NY
1202377411,114.200.74.213,373,VT
876149723,124.128.227.143,814,PA
1912605085,122.4.24.155,859,PA
1504732803,101.53.196.219,843,FL
892610766,216.32.168.56,43,NY
1424643206,55.211.100.156,247,TX
2066027807,61.156.231.165,984,CA
1859417831,136.116.99.105,86,TX
1069904594,165.96.219.153,184,ME
1819918986,246.202.75.140,590,ME
1483254476,150.13.95.192,483,CA
1414230364,223.12.220.64,746,PA
1168947018,238.213.242.143,508,PA
899701419,227.174.6.155,686,VT
1663053957,220.89.100.81,846,FL
1695809804,177.76.213.111,620,NJ
1458138486,163.158.75.52,632,CA
840499955,110.201.169.52,397,CO
1846693534,143.61.33.229,626,VT
2014527609,246.177.179.201,835,TX
847670896,118.72.189.31,856,FL
1419252923,92.89.114.90,110,NJ
1222031252,197.214.180.239,230,VT
827449511,158.235.88.89,273,FL
1307888990,63.253.156.86,635,ME
1933985789,65.113.127.34,182,CO
1701127587,246.221.131.5,553,CA
728066535,249.213.206.204,754,CT
1292231853,196.132.153.90,781,CT
1128816075,157.175.73.25,588,NJ
1942299089,94.171.24.126,881,CA
859373366,194.171.156.138,46,CT
813784898,204.59.158.220,222,CO
1087584951,218.198.232.220,870,ME
668146278,196.212.84.158,6,PA
873492271,151.8.246.61,47,NJ
1592570244,137.235.217.249,32,TX
1817307912,161.174.116.27,245,CO
1412282678,24.137.46.63,879,TX
1034536673,60.112.11.235,534,FL
1933308137,249.245.207.163,500,FL
1300418827,11.102.67.186,224,NY
673667816,168.153.63.111,861,CA
1592122740,213.152.136.247,755,PA
1550001907,7.213.181.209,956,ME
1135478259,207.134.220.215,1,FL
1566601759,37.129.250.224,928,CA
1275384992,36.199.38.116,241,CT
879566891,63.169.210.41,717,CA
1348130977,1.232.229.197,559,ME
1063151625,183.105.115.226,102,FL
1174970059,241.192.13.24,640,FL
638887815,188.50.246.66,636,PA
937171181,189.124.241.229,756,PA
1593911420,100.128.130.174,952,FL
738096449,173.53.175.230,390,NJ
1514490064,61.91.94.104,176,NY
1966481651,146.20.61.188,355,PA
1023192154,67.93.145.34,52,CA
1279777897,32.99.164.100,40,TX
1888686597,37.64.254.141,653,PA
794844464,202.122.1.133,136,PA
1870576089,182.56.177.172,322,TX
703810543,164.110.168.26,495,PA
1315952889,83.143.140.52,310,TX
1968751759,91.41.6.249,870,ME
1502075653,82.239.88.176,3,PA
1735750718,231.10.16.187,63,TX
1095294279,233.84.180.77,889,CA
1715368189,147.225.108.194,630,NJ
1393362570,39.243.18.139,496,PA
1143552801,192.61.30.101,828,ME
1777296159,155.89.112.32,684,CT
1984036812,94.2.178.211,114,NY
744436403,11.88.7.150,16,NY
978951060,169.122.98.0,636,NJ
1099860090,6.19.87.222,452,TX
1300936162,175.205.245.28,179,VT
828827442,194.241.35.54,86,NY
1492760307,198.172.93.39,535,VT
1108800392,4.25.208.204,839,VT
1467209229,108.63.252.3,418,VT
1927997862,31.58.184.36,708,NY
1494247714,36.118.182.20,777,FL
1145059654,18.83.24.131,234,ME
1565006146,210.159.223.85,57,CA
1954939050,215.157.176.98,701,CO
964950710,170.205.178.105,45,ME
1403163387,107.251.101.149,154,VT
1057589373,0.110.103.204,899,CO
1236930780,185.112.117.91,215,TX
2094156587,145.233.164.66,348,NJ
1170643493,161.151.1.200,98,FL
845765260,78.191.168.120,185,NJ
1624096983,242.120.75.72,73,NY
950609984,145.44.137.202,870,VT
1751423529,100.159.130.198,611,PA
877724293,52.99.77.137,165,TX
899013038,130.190.23.238,629,CO
2034010136,105.13.141.192,80,CO
1050348365,227.153.144.128,978,NJ
1479664608,49.17.182.35,230,CA
1191919550,239.149.93.119,599,CT
1545746438,52.37.244.241,655,ME
2069017900,97.122.201.139,976,NJ
2071033325,117.17.131.80,390,NJ
1580174654,180.186.159.15,546,CT
1396848560,180.235.155.95,583,NY
1155001084,207.193.85.229,972,TX
1500891292,14.125.118.241,701,NY
1450989335,67.177.254.10,602,VT
1698476825,133.75.189.225,187,CO
1117437063,14.254.247.115,593,PA
1010825327,18.49.29.1,680,NJ
1147723328,245.38.103.231,695,CT
1428170194,107.76.23.95,768,NY
1409819056,190.173.70.170,881,PA
814985568,224.115.14.250,279,FL
1927240443,109.151.5.224,216,CA
818061155,237.198.181.67,597,PA
2024770741,135.225.130.126,983,FL
1063580898,74.148.20.54,562,CA
834148074,57.33.224.33,605,FL
1707194848,237.137.99.76,918,CA
1436193048,133.64.80.26,696,NY
1340568953,8.66.102.74,784,NJ
640117306,143.21.150.236,904,CO
756722234,141.41.16.169,529,FL
664734014,140.49.40.96,954,NY
2070912822,224.64.125.127,839,ME
1089808014,108.29.156.145,673,CT
1149253100,218.34.240.107,628,CA
1645149111,91.181.146.86,3,PA
1489199591,247.249.96.81,402,ME
1261737108,106.76.171.152,917,CA
1924185769,206.104.96.94,756,VT
2058402379,45.21.253.23,614,ME
1761360221,168.239.142.224,17,CA
1791629410,245.143.246.221,922,FL
876518553,179.242.250.150,708,CO
1111589752,209.143.27.9,748,CA
1682491775,182.229.130.53,606,VT
811111078,101.159.44.193,564,VT
1935862307,191.112.213.234,963,NY
1400077792,82.199.84.215,82,TX
1251634421,205.250.50.214,713,CA
896578945,109.208.170.95,445,CT
1700579694,136.221.100.100,30,ME
863835639,7.47.88.190,83,CT
1662405048,118.212.150.168,564,CT
2009577765,165.238.59.196,281,CT
1970390901,155.211.232.166,268,FL
1337015661,62.162.185.111,614,TX
1966498321,68.23.113.162,654,CO
769400899,34.209.109.74,957,VT
1053380322,130.116.150.125,275,TX
755535126,121.50.204.241,560,TX
1869970380,181.170.12.187,768,CT
1268742798,43.60.117.235,868,NY
1402945359,183.38.108.240,39,NJ
1129057910,60.25.125.220,511,FL
1556944614,57.118.80.89,133,CT
1071526046,164.246.179.49,896,NY
1206891712,246.55.50.222,981,TX
1629447021,248.197.159.56,517,CA
1277538306,169.118.149.252,110,PA
1738414065,74.122.195.189,215,VT
1591096906,10.24.172.232,866,CO
1346416785,145.56.9.203,812,ME
1756781723,193.37.147.76,476,CO
1960831833,35.71.175.250,817,CT
1377099603,176.189.49.49,698,ME
879401259,133.54.101.158,616,CA
1391775630,9.193.126.98,406,NJ
1493156691,219.179.74.35,542,VT
1103174277,190.182.99.210,251,TX
863331361,138.4.121.193,874,PA
1199238763,13.36.165.108,471,PA
1886631147,30.32.89.48,26,CO
1688239200,56.92.253.125,241,NJ
1836838396,12.24.167.139,60,NJ
1952362132,111.139.190.212,989,ME
1326282489,118.223.94.10,829,VT
849059534,49.156.250.144,738,NY
2000787625,15.169.115.63,101,ME
1017826959,188.50.216.227,597,PA
2023557469,52.217.183.23,563,CA
1171837984,76.52.102.124,293,FL
1448661732,97.20.11.109,869,FL
708670385,207.35.136.173,350,CO
1273152877,32.185.171.145,124,TX
1258361322,127.77.143.69,548,CA
1263252115,194.39.235.217,506,TX
990767591,146.122.95.139,875,CA
1438256593,15.22.115.206,760,CA
837382690,200.221.141.241,128,ME
1338058174,221.193.4.20,237,TX
758669710,68.138.190.211,448,VT
1009693160,74.53.181.28,264,CA
1392592479,24.128.46.210,934,VT
1483921205,16.127.221.90,66,CO
1440282204,115.20.38.254,352,NY
1448305226,240.46.117.28,954,NJ
1719881550,68.120.183.172,345,NY
1578340372,117.90.146.36,361,FL
1307453263,35.13.207.80,921,VT
1969114496,105.79.94.151,770,CA
1627709060,223.3.51.196,44,PA
1614724140,10.73.88.64,295,TX
2014324266,78.143.157.75,382,VT
1886413924,10.163.90.159,66,VT
728959436,188.56.129.83,169,CO
1045796213,218.146.25.101,131,CT
1767690319,108.109.75.250,805,ME
990909954,223.22.81.141,332,PA
676156506,1.11.113.95,420,TX
721979566,3.73.190.49,601,FL
702921923,74.36.80.165,588,CT
1272243136,81.223.11.29,323,VT
2094921380,147.159.40.41,722,ME
766693274,123.66.29.162,785,NJ
2014087164,90.244.41.233,54,VT
1606064197,247.15.179.58,275,FL
1622299594,246.107.246.54,734,TX
1922046831,164.30.207.62,992,TX
963575309,178.21.187.188,814,CA
650295133,89.8.133.164,97,VT
1858888006,74.69.165.134,925,CO
1177615142,45.237.19.99,614,PA
1920907568,68.224.171.27,758,NY
1496850010,141.157.33.46,545,ME
779319805,23.129.129.29,45,CA
1052429942,153.82.12.214,212,CO
1086771717,180.71.96.122,412,NY
1800468748,248.14.20.130,764,CT
1932529442,179.154.20.96,549,FL
1979589605,248.160.10.143,695,ME
1054995814,199.225.228.12,67,CT
847649448,204.77.50.209,854,ME
1534901404,179.11.66.173,618,CT
672687036,130.114.165.103,783,NY
1686095408,27.25.14.181,372,VT
1987628307,123.119.251.224,612,PA
1021338710,145.46.41.222,786,PA
1126645445,47.73.20.59,583,CO
1935673586,19.24.108.235,722,NY
690788228,62.89.195.168,862,ME
1643371298,149.117.9.238,213,FL
1315444397,208.8.212.211,772,PA
1420881032,154.77.24.236,892,ME
711678134,126.168.6.146,1,PA
2018309630,26.200.184.201,910,CT
1473743920,174.149.114.222,321,VT
756576324,196.254.102.85,562,VT
965743987,4.43.161.73,596,NY
1839908406,39.17.85.29,323,NY
838113911,22.149.119.51,563,FL
973981259,42.100.107.13,263,ME
1189035661,100.58.64.108,999,PA
1983712276,81.23.159.87,619,NY
1687756429,109.155.165.68,340,TX
710197416,27.140.169.56,134,VT
1562515078,147.23.169.149,119,CA
1295374993,130.217.248.21,835,PA
1109088681,147.160.122.251,35,FL
1152071872,162.156.28.179,34,FL
1899186688,62.100.117.140,288,FL
1860193841,228.28.113.86,759,ME
638446904,86.147.121.212,825,TX
1402559442,164.13.111.23,443,VT
1122121327,165.160.14.65,44,FL
834127885,66.142.224.100,581,TX
1136657291,27.67.23.230,92,FL
1838529679,149.121.130.75,123,NY
2087190420,70.214.199.54,493,CO
1955508280,38.45.173.5,704,TX
912987928,213.203.59.77,401,CT
1319337845,210.29.196.50,655,CT
959459871,49.2.21.246,176,NJ
868385704,235.237.239.2,463,CT
1618988845,75.35.136.98,231,CT
899320583,124.106.179.53,646,FL
1713005972,196.193.225.175,765,FL
681028434,73.5.217.153,711,TX
949757561,217.39.133.18,83,CO
943551646,99.130.167.1,626,CA
1555569798,221.168.170.132,190,CA
1749457483,123.194.7.164,274,VT
1185620276,95.27.40.33,371,TX
1922128599,23.99.101.164,706,TX
916431693,202.76.115.90,245,CT
1232395125,180.66.165.61,741,CA
844573808,199.240.1.64,841,NY
923106673,173.7.245.160,531,CO
1358539278,202.246.211.95,219,ME
1741613950,143.26.216.233,839,ME
1452173380,238.65.239.73,213,PA
1669706359,223.79.103.103,451,TX
1357229516,204.160.99.252,660,CO
898580398,69.248.124.115,372,CA
1727148535,181.44.162.42,617,ME
2085754621,200.179.39.197,922,NY
757022484,235.231.112.192,155,ME
1794846734,254.130.221.234,271,CO
930940562,95.98.142.221,78,NY
1013272456,140.45.221.46,901,TX
1607867373,233.230.185.14,311,CA
1793189289,85.82.174.232,146,VT
2043007081,108.142.172.194,4,VT
1826712155,71.79.174.127,779,CA
1393491523,128.195.0.135,86,ME
1545050993,11.140.109.210,414,ME
1865663069,97.31.16.96,607,CO
1165107183,211.163.17.106,424,ME
1953040428,160.126.211.176,226,CA
1881196492,107.235.12.239,738,TX
2067697472,150.130.145.187,844,ME
1373019429,183.7.189.77,203,ME
2075394027,0.172.50.224,707,TX
1917580224,82.99.212.140,302,TX
738906704,228.150.190.55,191,FL
1213192247,58.123.138.19,933,VT
1198980904,98.194.33.154,897,ME
1051284564,182.178.25.66,316,PA
1850557258,51.132.63.40,219,CT
1151098938,11.196.253.193,247,VT
756655325,79.2.113.225,592,ME
1594139808,196.31.195.172,678,FL
1345978951,57.148.59.210,353,CO
1163617308,217.36.116.216,952,NJ
1066757278,189.212.126.112,949,CA
1943802391,71.121.203.54,940,PA
2110649206,80.242.160.72,576,CT
747067439,234.90.80.207,270,TX
783298985,249.41.5.111,524,TX
1299671912,58.3.209.195,714,NY
1256223045,206.252.113.164,853,CT
1691167609,51.186.87.137,661,CA
856940613,118.148.34.73,857,TX
1475415947,114.96.39.225,424,NJ
1929125094,204.1.32.9,426,NJ
644821319,48.29.60.19,641,NY
671122942,78.6.206.63,868,FL
1852456748,123.58.49.183,808,ME
1851158423,238.82.191.56,130,FL
789254644,24.208.205.161,102,VT
1792155584,155.25.242.76,72,TX
1203358086,93.136.82.209,126,CA
765066110,13.234.174.160,465,CA
1644068593,163.143.134.69,889,ME
2071753673,214.207.5.229,489,NJ
2069915321,206.73.129.77,671,VT
1210913018,237.173.171.226,252,FL
796965354,117.122.85.112,379,NJ
1035943557,107.119.249.38,241,NJ
1498295402,141.157.209.44,598,NJ
1369750245,117.177.202.10,997,TX
1229373885,230.144.207.190,132,VT
722479125,213.238.115.108,433,TX
895886330,219.33.98.100,403,NY
770816196,47.150.21.251,465,TX
829606765,15.188.250.73,686,NJ
1037317682,166.97.4.125,507,PA
685815579,109.219.102.87,939,TX
1602452652,87.171.229.207,682,CO
2111074658,3.18.30.82,956,ME
2051532669,50.126.233.54,7,NJ
1122528163,230.84.138.145,935,NJ
1992106736,253.225.10.169,255,ME
2106925750,105.43.170.250,338,CA
1779445213,94.13.167.15,133,VT
1205116503,113.69.67.13,599,VT
1285125770,6.251.247.80,891,NJ
1990528356,114.77.182.233,237,VT
1275332068,222.132.98.210,379,CO
1512047366,208.171.188.186,511,CA
1627219406,212.13.60.102,886,CT
855396478,61.164.0.189,573,ME
814106540,206.246.169.186,195,NJ
1875542189,9.197.213.233,276,TX
1574373061,141.69.106.156,232,CA
1297694106,117.79.164.83,275,ME
1956421912,208.230.216.47,644,CA
820221528,19.184.41.72,932,FL
1229636743,10.44.41.15,869,CA
1848480337,131.164.131.241,983,CT
1314504984,133.224.246.35,409,TX
1298171860,87.22.85.252,934,NY
1839272455,208.163.112.248,835,NJ
1499498941,107.230.116.198,122,FL
804294352,176.236.150.241,955,PA
1328563867,116.107.45.174,62,CO
1445766757,1.242.47.144,76,NY
882336496,157.164.56.29,223,NJ
1892588336,22.209.218.186,380,ME
1833084324,3.76.191.100,367,NJ
1010966409,214.173.142.220,578,PA
1079101255,225.183.47.8,168,FL
908527675,18.177.161.30,771,VT
2028474776,127.163.172.116,107,FL
992386105,73.146.46.134,542,VT
1118661415,7.183.1.185,963,CT
1990480960,24.43.212.21,316,TX
1525502673,177.84.11.110,489,CA
1270098913,184.25.25.93,11,NY
1948119147,118.70.125.202,882,NJ
1101138485,164.79.25.43,980,FL
2050037519,58.164.209.78,224,TX
1780084388,9.164.52.37,721,TX
1228614477,192.107.185.227,719,PA
758498163,117.160.167.103,564,VT
1820945847,89.7.86.229,519,CA
1199042123,201.94.237.62,380,TX
1651048352,148.27.172.92,485,CA
1857959217,243.238.40.37,842,ME
1936358878,177.221.6.194,721,VT
1043755687,238.1.191.38,463,FL
1082536824,141.184.92.212,577,CT
684229551,76.170.38.198,981,PA
1052048903,42.85.216.105,33,VT
1554540638,159.178.109.49,104,FL
864759697,219.117.189.62,137,CT
668548616,66.250.79.72,899,TX
1638755034,177.176.132.187,276,FL
1874390378,116.252.156.74,940,NY
1666294604,137.241.114.51,901,CO
1269072094,110.163.60.221,277,PA
1800899125,85.171.5.208,714,CT
1967655275,235.9.85.205,911,PA
805130857,112.62.167.92,964,CA
1818371368,183.106.248.67,889,PA
1693591510,139.249.192.126,663,CA
1578379635,3.43.250.69,584,FL
1589264339,179.133.250.11,336,CA
2034089109,121.26.72.51,974,CA
1564581938,92.53.14.244,214,FL
1805477571,140.24.167.6,376,NJ
1748215127,206.218.115.52,489,NJ
1830232698,214.219.97.37,453,CT
838566594,204.160.249.244,127,NJ
1077564492,52.68.96.242,252,CO
646060473,204.201.29.122,167,PA
735036478,197.147.195.106,48,CA
1726846280,235.36.82.25,417,ME
1404796332,64.181.161.103,351,TX
832763977,153.183.28.201,441,VT
1109933795,114.209.169.83,554,CA
889739469,223.27.12.251,632,FL
647716315,39.88.132.4,975,FL
1786231688,242.3.73.45,384,TX
2052080312,127.46.215.54,147,PA
1133381569,146.73.10.206,811,PA
1140332477,138.193.245.228,828,PA
1567657813,253.181.62.88,288,PA
665313490,131.77.180.72,107,FL
729758577,5.251.8.138,389,CO
864610705,111.50.253.143,622,CT
1304189330,196.163.135.14,766,CA
679424135,6.211.199.164,132,ME
1588603746,161.62.2.97,792,CO
875259854,118.9.8.2,307,VT
1306114220,205.131.117.101,936,CO
1864737458,212.140.227.215,390,NY
1506066659,32.17.58.34,411,CO
2063078713,97.79.238.146,739,CT
1662355479,245.72.219.119,582,NY
738509646,131.81.42.180,995,FL
1282841481,129.138.199.133,346,NY
1109608522,40.59.87.38,533,NJ
1212115255,188.165.125.41,809,CO
864793550,113.188.126.137,316,FL
1165890606,211.89.173.0,98,CO
1424020899,78.64.101.23,900,CO
636293276,103.51.190.84,755,ME
1096339212,87.216.168.58,143,CA
1693132482,103.104.240.147,729,FL
1123271207,25.182.67.66,737,NJ
1778206770,157.12.45.154,662,CO
1047620081,83.160.68.90,908,ME
1863075823,51.149.154.87,111,PA
700520710,133.42.113.139,580,CO
1211113813,168.215.178.83,77,CT
1770092231,192.207.14.89,142,VT
634373670,58.85.131.219,821,CO
844465384,144.131.188.86,208,CO
1494261188,31.141.22.240,155,NY
844031503,22.52.232.225,533,CA
1435877439,138.98.146.180,881,VT
1845594953,119.210.249.248,550,CA
2041865198,130.33.154.70,562,VT
708741695,25.52.101.245,186,FL
1686917972,167.122.14.5,196,CT
1530194567,205.174.49.31,200,CO
1514037509,49.196.0.42,490,VT
1887456123,224.195.77.33,495,FL
1791983112,249.200.153.14,618,TX
1072751441,140.102.54.36,764,VT
939299501,243.110.142.110,506,FL
1496104006,220.20.95.126,370,NJ
2013920469,28.93.71.30,65,CA
1539158580,241.248.131.114,326,TX
1965819999,241.9.146.148,364,VT
1076413079,117.123.229.130,359,FL
727204501,36.181.114.46,72,CO
865626824,132.234.12.211,662,TX
1883664727,200.25.223.184,644,VT
1351717538,123.174.115.199,997,TX
2108188084,92.26.26.250,476,VT
1532247830,94.81.85.194,390,VT
1489785677,38.176.248.185,174,CO
1583296679,83.145.213.192,985,VT
980267444,236.222.234.217,359,FL
1583165915,185.137.87.185,931,CA
736508200,60.170.34.247,760,VT
1837674168,179.231.212.211,589,PA
2067098140,92.7.13.86,999,PA
773112869,204.175.233.159,832,TX
791879433,67.40.243.69,483,NJ
1973718058,244.154.114.227,288,TX
1016904091,22.153.138.0,618,FL
1499813384,130.90.70.237,321,CT
1376120789,164.230.5.10,399,TX
905572951,179.31.112.45,67,NJ
857863810,145.92.46.68,27,CO
1417318377,8.237.217.91,371,VT
1987918088,126.237.14.177,165,TX
1441310340,176.35.35.45,459,ME
1086234000,165.221.138.149,483,TX
2090797432,192.132.141.66,859,CA
1995303402,157.79.119.126,755,NY
700027856,192.8.248.215,323,NJ
1529509282,75.83.55.71,187,NY
1250863313,77.36.134.172,494,VT
1357448631,21.202.78.55,519,FL
2102603759,151.91.20.220,675,NJ
2033261535,110.173.93.115,780,NY
1926965897,139.210.25.73,717,FL
660659869,89.72.89.0,670,NY
1088472712,124.65.18.117,856,NY
2058945095,231.22.10.38,869,CA
812026042,150.83.236.233,738,PA
1315482200,42.197.0.48,491,NJ
1790533628,97.246.74.72,427,TX
1714725436,146.128.16.175,126,CA
1281051798,69.159.33.5,401,VT
1721096188,197.33.124.89,939,CO
1651851327,102.19.35.33,279,PA
1271476190,37.243.207.119,303,FL
2040561167,106.16.203.25,93,CO
1478428714,17.217.208.17,176,NY
636719643,44.186.216.197,65,PA
1195319181,173.216.94.141,980,NY
1734050912,248.91.2.202,67,NY
764407704,181.136.184.86,374,CO
1849543366,231.183.91.69,162,FL
1963873905,50.101.52.236,485,TX
1692355812,47.97.1.197,756,CT
2097140005,104.9.84.49,865,TX
1053406210,153.142.108.186,631,TX
1570676279,163.218.148.251,452,CT
856984353,132.180.250.156,853,TX
1086114110,227.10.71.75,980,NY
763369292,254.209.5.124,885,NY
1624226323,153.12.241.210,957,CO
648625382,71.71.163.104,242,NJ
1400492410,90.182.44.109,149,FL
876845590,137.8.125.225,423,VT
1378756511,248.58.85.9,886,TX
1298087566,248.36.131.215,915,NY
1947686999,164.168.127.4,904,TX
1805633291,218.156.100.8,271,FL
1328008676,47.59.63.8,773,NY
2088491133,78.114.225.113,758,NY
1368196864,38.177.117.164,172,CT
923376446,52.160.177.152,385,CA
698973150,209.138.67.101,461,CO
1481470375,68.13.238.31,567,ME
1012155960,21.214.58.53,694,NY
1009107735,32.178.146.49,423,CT
943815092,120.85.42.138,908,VT
1876649454,67.42.123.20,303,NJ
2037353528,86.55.16.130,286,CO
665999849,48.32.171.128,766,TX
963005074,231.131.94.99,584,CA
920891818,160.168.208.226,753,PA
1896050842,37.218.105.11,925,NY
738460449,138.117.200.113,125,CO
2003521306,153.49.115.222,286,PA
1263105545,112.188.125.82,834,NY
1131653963,75.19.172.17,457,NJ
1447634510,195.81.141.19,250,CA
1173859568,151.45.108.122,773,CO
1014329057,158.197.29.75,760,TX
1826249641,214.120.84.242,170,TX
757313514,226.229.154.162,142,NY
1522879855,182.96.231.174,456,VT
1367785967,133.153.55.116,447,NJ
2024276474,226.32.16.70,603,TX
1855215426,8.52.205.166,515,PA
829928064,229.173.55.37,959,NY
1702520574,90.175.185.235,863,CT
1386966453,41.235.186.215,655,FL
1135788660,244.139.139.55,466,ME
678761799,131.81.57.221,171,VT
2114277901,73.219.45.66,817,NY
2089555087,60.167.58.195,884,NJ
760909763,149.24.186.70,467,ME
1708507176,32.109.40.145,759,TX
1223169664,239.234.244.115,600,NJ
992105683,156.220.175.208,197,NJ
921124588,250.24.159.228,23,FL
1680200171,52.214.2.40,946,CT
1012721640,16.234.161.216,299,NJ
1094887414,127.202.119.58,930,VT
880999842,89.240.8.44,440,NJ
2070841219,11.192.101.225,45,FL
1276630400,125.20.127.195,294,NY
1799477761,4.239.174.180,447,NJ
1701839993,239.79.231.111,731,CT
1715418841,133.193.110.22,544,NJ
950472505,99.233.210.138,252,CO
1260634851,155.92.102.86,853,CT
781619840,243.129.21.108,584,CO
1737400113,95.63.209.173,925,CA
950523789,15.184.59.77,950,CO
837276395,21.92.236.131,469,CT
1525532761,137.70.39.26,988,VT
1239206354,190.108.12.194,400,TX
1093524434,80.189.152.185,506,ME
1171254804,228.180.64.43,38,VT
1032773050,40.134.72.80,984,CA
1687415658,203.42.7.82,800,NJ
937265736,30.74.70.144,747,CA
1946397863,21.160.172.173,635,CO
839387439,115.150.205.163,10,PA
1222329355,157.189.226.142,727,VT
1689279412,138.130.249.62,513,CO
984147753,31.182.244.111,794,NJ
1678067160,198.167.174.69,527,FL
1396592365,222.234.159.75,499,FL
1186099287,208.146.7.234,427,CA
1792392030,188.148.48.204,483,ME
1956704374,42.56.64.125,718,VT
891874415,13.29.194.121,670,PA
1041374194,48.189.208.37,296,PA
809634741,115.41.181.242,248,TX
1182959799,223.186.54.128,204,ME
1017402293,141.121.7.90,913,VT
1121474562,95.106.65.208,148,CT
686062916,253.250.229.158,858,ME
1931242199,167.53.62.8,54,TX
2073519938,2.37.61.216,187,PA
1610420766,112.140.72.144,62,PA
1099743211,43.120.190.201,945,NJ
2049570261,176.108.211.114,130,VT
744482652,63.7.3.154,114,CA
1490298290,162.151.113.247,902,NY
1952424971,23.85.50.92,623,TX
1343620811,164.22.173.208,202,ME
1153095453,27.172.135.82,721,CO
868856729,127.136.133.84,157,FL
908702870,103.231.180.213,627,VT
1112493921,83.106.0.107,887,TX
1886093494,232.145.35.55,34,CT
1309187828,41.112.40.143,892,CT
1939116082,193.8.120.143,935,PA
1462778257,110.150.178.148,326,NY
649114290,32.116.220.124,696,CT
1286551855,208.187.212.182,45,ME
1136865394,245.50.177.93,859,PA
1395232389,217.45.243.110,480,ME
1308269448,249.93.209.155,341,CT
1271947404,97.168.4.95,28,FL
1289155374,138.149.91.156,410,FL
1665191300,41.128.228.249,230,NY
917197708,152.10.92.21,846,TX
720050523,61.136.183.146,720,ME
1716741444,123.29.50.172,317,ME
1663216041,174.182.179.249,350,FL
817828585,54.236.7.180,796,TX
873735375,246.24.157.178,75,TX
2098620321,45.176.117.80,258,ME
1598923685,194.236.36.70,142,PA
1755040752,171.120.192.211,933,CA
883792229,126.186.225.134,719,TX
958534849,243.56.180.10,581,CA
1277767738,171.194.237.110,628,ME
1036655906,101.206.50.5,170,CO
942843065,116.6.98.70,404,NJ
2080055642,251.183.102.16,40,CA
1425022378,242.237.101.84,926,PA
1884883041,45.22.121.235,815,CT
1177522307,220.103.64.138,100,CO
1472549789,215.212.86.197,927,CT
657358721,111.45.4.168,263,CA
1325061101,200.225.174.241,621,ME
1656584677,100.18.88.52,4,CT
1964166832,233.100.117.158,979,FL
947258752,254.94.15.126,943,CT
1822338610,94.89.92.209,596,NY
1598541507,252.184.183.101,943,NJ
979594552,27.82.225.114,81,PA
1120743428,41.208.122.19,586,NJ
667948016,40.226.107.187,936,CO
715974035,182.186.0.72,430,NJ
1395007897,155.66.79.173,697,VT
899938837,166.97.116.194,655,FL
1924694596,92.221.48.90,518,FL
974867013,246.95.19.167,176,CA
819261622,70.139.120.111,938,CO
872307310,198.112.124.155,755,NJ
1779037246,117.218.32.147,634,FL
1356034948,19.37.177.184,820,VT
1829862886,18.250.190.149,197,TX
1688576366,52.41.56.46,475,FL
804034853,96.108.136.222,626,PA
695577361,152.28.162.47,188,ME
1321415243,88.227.113.13,332,NY
1581767013,248.237.209.208,801,CT
671847390,77.180.113.107,186,FL
976175047,247.93.208.176,434,PA
1189308980,11.43.121.183,649,TX
1911757592,75.191.103.152,914,CA
1964814739,167.77.92.22,637,PA
672860992,181.164.48.117,161,ME
1811321442,14.195.251.156,754,FL
716945748,201.63.3.124,977,CO
2058364535,185.190.91.168,81,NY
1013267953,179.101.68.110,104,TX
1340340258,53.58.143.65,249,TX
687101732,170.32.184.101,269,CO
1484361331,219.112.183.120,711,CO
954691718,221.157.207.91,769,ME
732045968,164.204.38.50,213,NY
1574947663,226.196.218.129,791,CO
1493545294,119.40.227.204,630,VT
1880262510,56.64.65.220,120,NJ
1426086260,90.209.192.132,9,CO
964427723,123.10.54.250,91,VT
1882738805,56.2.25.112,353,NY
1812533359,166.227.67.75,35,NY
1853251829,73.33.62.132,337,NY
1102183308,201.244.46.76,116,VT
1034062390,186.137.165.141,910,CA
1803714673,57.48.225.111,163,CA
2025096997,212.96.65.19,620,NY
1953561784,137.248.249.248,717,VT
1721669077,218.218.149.115,590,CT
2018662705,223.127.21.15,227,NJ
2001946451,125.105.144.199,876,NY
1289997098,142.75.29.108,474,VT
2030815376,226.219.247.71,549,CT
1976016489,29.97.61.80,933,FL
1221880422,25.4.234.253,758,PA
971026894,67.61.221.62,210,TX
1470454372,121.15.82.76,209,NJ
1752355720,188.238.75.100,423,CO
2086070002,201.163.214.93,661,TX
1653768447,167.212.78.15,743,NY
2102358324,242.136.94.175,361,ME
1817158487,70.67.223.50,424,PA
857552234,130.57.54.129,277,ME
1485712093,44.136.119.187,178,CO
1786381315,17.134.91.247,408,FL
1261015087,162.13.11.93,677,ME
1531602295,238.63.143.25,488,PA
1538111140,198.47.47.142,923,VT
1203592905,153.26.3.157,494,ME
883860811,160.168.170.109,292,NJ
2102854120,40.64.182.161,993,VT
975763610,219.244.25.108,221,CT
1121689355,247.160.218.67,689,NJ
1546139205,236.247.223.77,417,TX
843344914,195.41.119.60,919,CO
784595070,128.127.225.40,380,CO
962604269,166.94.211.230,688,CT
1875408520,185.246.27.120,581,NY
2092052148,241.253.37.52,127,FL
1558306575,84.249.167.114,698,ME
1393992579,69.175.4.92,185,TX
643379901,193.247.81.75,177,NJ
850636098,49.92.174.177,388,TX
1132696084,142.79.13.24,541,CO
1338897039,32.75.104.126,99,VT
1710689423,16.62.40.7,731,NY
1708673623,182.192.181.224,178,FL
1015328289,126.197.186.13,818,VT
959718029,4.42.235.25,658,NY
719277819,3.218.140.112,199,FL
1191523292,191.252.85.227,64,NY
1574506761,151.67.189.15,648,ME
1586704057,73.69.33.143,733,CA
1526486754,140.210.64.164,248,NY
827736480,85.205.67.119,872,CA
953675367,94.228.202.33,353,VT
1469477656,53.109.251.122,497,ME
1720806772,12.45.119.210,439,NY
1331969698,158.112.50.57,679,NY
1548353576,156.52.68.90,47,TX
1308079442,237.79.150.103,560,FL
1472202751,102.209.235.204,374,VT
1513661602,7.171.218.122,345,VT
1006617783,39.74.73.216,780,PA
807234006,138.37.219.188,704,NJ
1732830466,203.165.234.203,80,CA
1011161874,158.159.114.134,595,ME
1929610481,236.150.121.230,283,FL
1281985195,236.199.41.8,232,NJ
1654655322,73.216.12.57,970,CO
1204025733,241.151.67.206,273,CA
1631678068,93.70.131.177,900,FL
739182559,95.85.233.142,685,CA
848840402,205.90.212.132,207,FL
1603812961,200.222.157.146,257,CO
1823306540,248.230.63.28,918,TX
1046138804,195.254.170.236,265,NJ
2097412450,98.0.18.76,449,FL
1989995939,220.189.203.72,801,TX
1497199322,161.52.34.203,307,NJ
1759109524,230.172.86.16,593,VT
1950631842,52.61.157.169,897,FL
1560995019,253.37.229.233,281,CT
1828053064,225.50.96.149,502,NJ
1267223383,125.48.11.86,213,CO
1056051508,183.143.69.186,492,TX
1310425090,158.72.149.184,754,PA
2075826036,228.200.67.78,966,NY
902935646,222.168.69.80,712,CA
1133036271,151.180.60.25,893,VT
819028514,240.80.205.93,345,NJ
1214721120,79.205.65.118,690,FL
2081921663,65.29.161.42,470,ME
2002192035,66.62.77.60,316,ME
714758705,144.186.70.39,183,ME
1978635424,71.114.57.133,378,CT
1002045712,226.197.253.56,899,FL
888858158,125.98.173.190,35,ME
1570595090,97.204.163.104,373,VT
1621099877,166.100.10.69,113,CT
1017486583,208.30.53.196,651,CA
1843949092,171.106.143.122,741,CT
1255998988,43.11.183.4,201,ME
808146668,133.80.180.72,260,CT
1782683886,100.205.244.97,27,NY
1818274401,138.107.247.56,244,NY
1254651377,12.98.254.162,225,NJ
1784733394,226.191.182.254,187,TX
796661656,175.217.198.212,806,CT
1949777657,129.169.77.252,579,FL
1903139606,34.254.191.99,394,PA
745577279,219.101.63.250,3,CT
803859998,4.253.193.144,117,CO
1481335597,175.21.49.169,57,NY
920766405,132.2.119.41,834,PA
1574259260,239.36.220.204,847,CO
746155661,147.105.224.27,622,CA
640095341,161.203.78.128,644,CO
920273661,1.93.143.52,873,TX
1700568495,28.238.25.132,401,TX
1900914426,83.3.79.114,606,ME
1902462931,241.185.139.199,765,CT
1702442060,198.2.243.201,938,CO
1258755661,215.19.132.21,959,VT
1036359222,71.76.16.60,240,NY
1382279577,100.45.226.62,764,TX
1704506851,3.132.151.63,455,TX
1644242225,180.200.154.121,885,ME
1686251288,186.238.63.143,410,TX
1565050550,208.120.205.10,608,VT
1215745184,196.32.227.230,599,NY
931404735,52.246.27.155,477,CT
2034256004,239.99.23.30,929,FL
1656844743,151.66.106.148,95,ME
1792505218,57.149.20.108,793,ME
1493946784,54.159.49.200,926,VT
1604227284,116.98.192.120,540,NJ
1248872086,187.53.164.184,754,CO
1310456160,167.132.32.24,391,TX
1827298657,243.7.13.157,160,VT
1236014436,214.57.87.173,117,TX
1062206239,20.121.196.166,648,NY
1674127256,1.75.115.107,665,CA
1307939888,190.67.88.239,928,NY
915361083,242.126.92.122,678,CO
1676633155,79.28.171.114,555,VT
1515774575,153.211.181.58,777,CT
1440987483,197.212.149.123,912,PA
1936114365,216.91.16.42,512,CT
1055863813,126.44.239.98,348,FL
1571712443,55.70.147.141,384,CT
1778058600,64.239.69.13,510,CO
1003969370,175.157.219.34,218,FL
1652379628,69.65.76.245,502,VT
2097512471,251.158.62.25,736,CO
1254771057,102.188.7.73,720,CO
1937036897,140.182.42.151,43,ME
1745707786,90.166.226.214,681,PA
975118292,203.236.113.122,985,PA
972192465,222.56.164.173,46,VT
1579122262,178.249.6.54,577,ME
1443151775,79.251.187.228,898,CA
1439485427,42.187.225.111,694,ME
658021217,33.231.198.216,352,FL
1808560427,105.159.58.63,515,NY
1817423187,19.214.202.134,96,FL
1850445320,42.239.37.75,869,CA
1239698027,241.54.52.121,406,VT
1371249800,167.140.219.47,431,CA
776659123,250.200.7.80,31,PA
2113336559,190.157.158.40,590,CA
637799815,44.243.89.101,139,TX
1492056555,15.123.0.38,894,ME
650298489,49.183.139.20,8,TX
1815905985,188.93.76.11,164,TX
1508467638,137.219.5.158,55,CO
1616795453,185.108.199.233,307,TX
993384465,92.70.18.167,175,CO
1684113739,25.146.79.0,177,PA
2022741269,14.165.98.213,603,FL
1560174941,157.72.92.9,316,TX
1284205929,88.5.176.31,93,NJ
2072478541,13.128.233.94,216,NJ
912077695,182.208.185.91,374,NY
1249609779,39.9.56.53,399,NY
1022273306,180.88.227.45,16,NY
1045473469,69.60.157.213,724,NY
1565665430,33.162.185.190,732,CT
797329855,233.147.55.191,341,NJ
879601050,189.211.225.154,584,VT
1795691295,86.232.132.61,707,FL
1565639363,124.119.237.118,800,CT
874986232,217.190.52.63,305,FL
1186690437,182.191.22.0,125,TX
1938786909,92.233.173.150,770,CA
1017761219,13.239.200.156,798,VT
1588592055,0.158.68.189,631,CT
1747525430,95.121.174.254,567,TX
1964676983,93.147.196.105,88,NY
1326641234,138.27.15.72,182,VT
1328698472,42.158.239.18,168,VT
1541727003,232.70.177.120,179,CA
850530413,183.41.235.174,724,PA
1875840085,173.30.130.180,724,VT
672177721,68.158.226.129,758,CT
1060447225,243.247.186.228,591,CO
1490940853,126.219.251.170,397,CA
1447297394,26.214.253.252,38,VT
1762954706,119.59.160.202,20,CO
1559107189,9.207.137.10,296,FL
750856114,25.1.49.193,520,PA
1466892325,232.72.126.236,67,VT
833712159,116.88.5.109,934,NY
1111632630,83.237.131.23,771,VT
1482210723,199.61.201.40,437,ME
865342444,44.82.48.126,209,CT
859862754,208.173.92.4,431,CT
1804494961,234.19.89.7,793,VT
1252155680,22.79.239.210,723,VT
1880979197,11.230.86.240,120,NJ
699760501,114.226.92.63,974,CT
1079953865,244.86.94.206,41,NY
1211222460,83.86.104.247,767,ME
1472798989,85.143.39.142,324,TX
1982996095,175.205.206.174,972,CT
2070589736,52.8.52.228,887,CA
1179808028,193.241.196.244,548,ME
1721882757,164.166.91.3,457,CT
1980626919,118.131.190.52,125,VT
1387834278,53.3.13.36,707,FL
1712787209,23.162.194.134,464,CO
1343336139,51.176.86.39,202,PA
2057721206,46.212.235.169,954,FL
1160761889,177.39.129.143,13,TX
1140760898,29.100.46.67,557,CA
685926176,82.128.149.161,103,CO
850550286,8.139.192.187,483,CA
2019922411,172.251.4.134,399,PA
1181916890,213.198.62.46,737,VT
1854399648,138.211.56.170,531,CO
2053491756,234.237.95.49,788,FL
2095112207,136.226.31.148,502,CA
1354757519,181.107.43.253,719,NJ
1376018166,61.206.184.195,525,PA
1799519307,70.74.185.3,667,TX
1498349854,210.139.227.66,601,VT
1201197527,183.1.159.134,686,TX
1382292699,185.108.159.132,915,NY
1905147855,141.220.184.189,116,VT
1174340948,66.231.146.66,203,PA
1858368032,142.57.205.47,933,CT
1147036284,23.172.160.231,285,ME
1206362475,10.82.89.221,208,NJ
1715164049,194.159.172.220,708,FL
648399519,152.99.164.204,219,NJ
825393775,145.136.138.249,843,NJ
1043154711,222.137.105.187,318,CT
991846068,59.214.16.158,947,CA
1285362478,138.243.39.222,153,TX
1015417763,55.204.149.179,43,VT
1632534214,33.57.63.40,413,FL
1572038266,5.82.245.110,44,CO
850866132,72.250.60.125,793,CT
1778302386,36.248.114.112,865,TX
819733930,184.35.158.85,903,VT
988523305,119.141.178.209,530,CA
1353273128,85.165.21.234,287,VT
810942166,244.104.84.140,134,CT
2016297505,39.109.56.154,126,NY
1543748493,111.235.125.12,600,CT
1191111335,69.105.219.227,377,CT
1683324570,58.131.19.154,187,ME
1632643619,178.132.144.83,615,ME
1722871453,191.177.203.106,882,CA
776637598,128.52.94.154,828,CA
1894020693,149.180.102.138,856,CA
1058944733,139.115.119.229,716,VT
1378671385,191.129.157.15,608,TX
961730069,166.209.176.204,857,CO
812948541,110.202.15.147,506,NY
1208742810,93.64.20.151,282,CO
642706277,124.62.130.237,298,CT
1782959691,224.244.20.82,756,PA
2078735598,43.63.195.142,444,CT
1484900690,200.171.243.18,954,NJ
831872016,166.220.216.218,450,PA
2052965221,7.82.147.160,708,FL
1226175579,93.95.152.170,315,VT
867287256,71.22.242.205,286,PA
784042565,3.245.254.48,93,PA
1222026350,197.143.21.133,808,ME
1061391725,225.80.206.58,544,PA
1565589230,86.121.176.239,196,NJ
1969850520,58.117.93.141,677,VT
1488411955,213.102.38.33,494,TX
1049523772,30.33.17.96,422,TX
775903304,82.20.153.45,913,CO
1760512823,251.93.147.183,948,FL
1613290207,197.241.205.77,856,CA
2029554629,48.128.98.170,618,NY
1948563676,254.137.160.137,780,ME
703186591,201.127.88.80,564,NY
1834873587,83.208.129.236,844,CO
1249175385,220.11.64.40,53,TX
1664249348,74.44.246.25,309,CO
776157808,173.230.144.239,954,ME
1092718565,245.149.220.116,88,TX
2059042271,222.97.135.230,417,VT
1325751210,164.231.145.4,827,NY
1616191117,82.121.101.63,473,CO
1384675745,178.19.194.13,800,NJ
826240275,93.85.29.155,415,PA
914619990,75.235.176.47,141,NJ
1087263763,67.63.142.127,535,CO
756927302,183.41.82.182,212,CT
1073988561,193.109.69.53,20,ME
1663181647,111.25.218.232,991,NJ
1213916008,158.31.3.203,155,TX
1121199561,71.22.69.73,207,TX
800705496,211.119.171.69,749,ME
1800195079,184.119.0.245,667,CO
1403301010,101.213.234.222,711,FL
1847918907,247.46.48.7,732,VT
938518716,9.10.242.65,196,NJ
1004727136,22.180.251.78,841,TX
1981460327,201.168.110.142,25,ME
2020727309,58.251.26.151,373,TX
950607623,34.248.233.134,280,FL
704613373,21.91.71.200,193,NY
2084124938,97.7.158.228,984,NY
995955930,175.4.70.157,364,NJ
1354680866,34.151.113.41,679,CA
1844585701,33.209.26.105,967,CO
1605567980,33.179.95.34,118,VT
940331265,53.193.119.187,541,CT
857879683,182.12.160.179,9,NJ
1585885230,168.34.215.82,77,CT
1506548830,213.63.168.227,52,CO
1609697622,226.239.125.66,771,PA
1325733236,61.205.117.54,286,NY
1451287316,149.120.229.146,426,CA
2104534457,146.216.74.253,451,PA
1039922711,54.254.104.55,839,NY
2102580522,113.34.29.71,567,CT
1344574705,120.69.193.50,116,PA
1052851245,191.209.74.26,397,ME
1518544738,229.221.136.134,720,TX
826226288,130.124.96.89,510,CT
1246088794,84.177.116.203,698,FL
659540291,246.40.66.173,813,VT
1038812386,202.164.21.235,280,CO
2050003143,137.10.149.214,518,CO
2087037360,109.186.51.94,418,NY
675876535,7.82.54.174,247,CO
1787310678,10.71.242.190,753,TX
1233385755,187.236.159.15,95,VT
1451088962,176.105.131.222,881,FL
1904241203,11.163.144.180,808,VT
1838136910,103.134.161.174,56,TX
2086854615,71.190.232.97,993,CT
1500675863,116.86.56.75,252,NY
1155574083,236.134.250.174,732,VT
1989942418,189.99.192.154,18,NJ
1276826416,154.1.78.156,226,FL
1261797696,180.136.164.80,5,VT
1291959216,50.173.38.210,672,TX
923299270,93.201.44.86,111,VT
1640539856,37.154.86.140,288,TX
982298148,130.81.188.110,27,FL
1099333294,169.96.243.58,161,CO
2094443168,157.112.73.10,102,ME
994957097,5.149.39.98,874,NJ
1390914261,95.133.42.0,879,FL
1827821146,208.186.171.102,67,VT
1344528617,251.155.67.155,729,CT
1933424863,79.221.145.230,400,VT
1758095640,80.144.222.244,349,CT
1712685483,226.52.74.59,636,CA
1405877791,226.199.131.254,711,VT
1432952040,231.200.119.3,437,ME
811872655,98.217.170.211,968,CT
695077169,106.177.65.66,945,CA
2111163433,190.66.150.170,149,CO
1425278408,216.191.251.116,183,CO
1954667576,86.9.47.36,852,CO
1295898708,220.52.7.155,220,PA
2003837102,188.248.32.31,103,CA
1800745023,119.95.123.145,838,NJ
1323926959,242.12.107.165,358,TX
998198960,247.167.44.29,364,CT
1057237185,191.125.121.88,586,ME
1473047041,92.160.102.78,768,ME
1238113744,24.146.68.77,459,NJ
1708088330,98.73.203.100,598,FL
1620986792,20.80.206.63,851,CO
1009514450,139.32.82.44,976,PA
1164660716,121.183.55.208,250,CO
917330845,131.12.172.11,828,PA
1092230263,21.220.56.14,672,ME
1595487741,251.210.11.165,627,PA
871698939,248.122.219.31,675,VT
1364774354,55.236.126.252,354,TX
818657217,14.58.219.184,813,CA
740849773,157.111.7.26,598,VT
1078789736,249.81.111.195,98,NY
1849323778,155.10.233.43,269,CO
1582893365,214.216.227.196,15,FL
1338205602,112.7.94.3,113,VT
852118936,7.52.88.123,790,VT
796391654,181.15.107.141,975,CT
1154394804,215.233.214.10,648,CO
1045385019,59.206.164.249,503,NJ
1815269181,165.108.172.191,551,FL
1333858046,16.197.112.194,895,NY
1541711270,48.204.107.151,358,VT
1402613921,95.20.177.162,295,NJ
1520673942,248.61.243.96,272,CA
1669201009,58.174.223.132,188,FL
781155124,119.205.133.175,590,NY
1506121885,19.80.59.56,127,CT
1247107945,119.139.2.163,772,VT
1964539850,200.93.31.202,271,ME
777514507,167.8.198.83,795,CA
834277373,44.107.249.115,876,VT
1588263764,115.20.169.234,57,CT
1272588015,67.23.20.216,684,TX
1926396515,135.131.95.2,159,VT
960559972,6.221.66.117,860,NY
731886823,167.96.120.195,816,CT
2018092105,213.29.24.39,348,VT
897626528,241.47.69.177,573,CA
1165120021,194.184.177.190,160,CO
1806781536,79.225.161.55,863,ME
1562336552,217.50.203.35,391,CT
1725108519,224.130.0.132,164,CO
1526256096,90.185.91.174,906,PA
894026737,151.35.20.152,736,ME
2048217116,37.26.230.122,828,CT
1976594252,71.226.158.156,550,ME
918646768,130.42.96.28,568,NY
1446958414,9.69.245.106,936,NY
876827219,138.209.99.135,276,CA
1110741534,237.192.52.114,189,NY
1895588648,64.177.37.33,503,CO
759359455,66.48.242.32,626,NY
1333318081,2.53.27.246,705,PA
1612822060,226.202.63.201,756,FL
1936810872,166.47.74.99,220,FL
749147657,248.111.183.172,667,VT
1804730145,225.87.197.66,120,FL
1327034823,115.101.144.105,192,NY
1068844289,89.177.89.194,89,FL
1562054720,22.226.131.23,730,FL
1065656986,112.117.170.166,155,FL
1431485836,235.94.20.129,709,CO
1201382763,83.103.19.170,709,PA
1841417775,194.70.98.236,675,CO
1857306579,58.131.95.216,601,NY
950817351,99.22.8.37,733,PA
1888200940,231.1.163.62,303,CA
1840033703,137.130.126.68,337,ME
1569948502,224.180.39.91,384,CO
1104816915,60.181.48.230,522,PA
1912807524,92.121.130.224,96,ME
1956537875,118.141.19.132,417,ME
1811617397,222.55.178.99,811,PA
2027010763,6.58.241.217,35,CA
1219829590,178.7.157.252,942,ME
1109574371,141.235.34.108,794,CT
1218200338,72.177.132.211,482,ME
822227015,49.58.5.66,796,CA
1654596785,243.168.192.41,503,CO
1164939074,96.234.33.224,803,ME
667325659,177.240.184.236,959,NY
1164510126,22.114.48.77,105,TX
1403222942,245.98.67.104,423,TX
1753007172,18.224.65.148,599,VT
1075740047,130.10.254.104,422,CO
1609183756,56.112.54.16,394,CT
1637059173,175.84.80.242,701,NJ
1495636576,242.59.4.122,309,TX
987425240,133.102.183.179,6,NY
1509858365,32.120.182.217,383,PA
716255256,70.185.197.152,205,CA
1806217317,251.169.130.1,194,CT
1428003633,253.101.10.193,910,PA
1006245650,74.113.171.188,921,NJ
1662169927,193.28.212.183,146,TX
1586184960,170.240.213.20,582,TX
729613673,156.137.155.143,246,CA
1714068952,158.84.25.125,992,ME
1074093612,45.230.186.8,496,CO
1948433358,33.139.46.83,193,FL
1175627038,42.41.220.218,677,ME
701716946,188.237.87.128,299,NJ
1593336224,75.15.20.228,481,CT
876527891,144.238.150.240,650,PA
1274191642,144.5.99.134,107,NJ
927347459,147.48.78.151,983,CA
1921341633,225.88.140.20,307,CO
819500047,183.40.218.190,657,FL
703552446,52.166.21.11,2,NY
1972556691,39.201.176.213,57,ME
1133857300,100.232.200.173,21,CA
2040006041,141.174.194.148,293,FL
711486620,181.43.154.67,206,CO
1397176635,141.92.162.176,605,FL
825125149,191.143.224.188,147,ME
2092819455,52.229.161.232,793,CT
922509388,43.66.212.86,772,CO
1939342137,176.60.2.38,11,CO
2104504321,39.241.167.231,262,CO
1685871314,87.12.64.174,987,VT
1115116183,116.191.5.26,277,NJ
655427759,191.215.3.233,686,PA
979953515,24.151.212.251,751,TX
1179412081,34.7.31.7,88,TX
1548137213,76.133.223.192,142,PA
1848560326,84.186.51.62,358,CT
643118463,27.100.66.178,356,TX
2108240037,92.56.210.153,275,CO
1725484059,234.240.175.231,732,FL
879896052,254.198.233.20,105,CT
1732542962,143.187.97.115,164,VT
1039705071,131.18.139.131,689,NY
1243663473,197.66.64.137,69,FL
1733536173,216.31.216.233,330,CO
1460996726,22.66.2.247,613,NY
975417276,111.231.93.90,998,CO
1098197650,191.52.51.142,669,PA
1705294567,54.62.170.146,419,VT
817335864,253.227.92.185,243,NJ
1189576796,98.87.245.156,988,TX
1504109972,48.238.223.180,784,CA
2091835714,18.3.252.29,200,NJ
1171251005,66.169.116.155,830,CA
1798478110,246.135.227.3,98,CT
1906716206,43.101.21.125,839,FL
2031347513,187.76.206.112,206,PA
727963392,97.49.248.192,720,NY
2077970061,172.203.35.201,819,ME
685990758,242.160.117.207,65,NY
746626339,105.26.130.48,750,NJ
774018527,220.9.207.131,434,FL
1088628962,19.226.156.223,52,TX
2112606000,180.63.212.206,17,CO
2073413641,254.150.215.152,827,ME
2038883060,159.112.229.190,257,CO
1209345153,83.194.144.244,207,CA
1234350625,153.122.217.102,599,CA
1584158874,226.100.8.65,136,TX
1181811754,109.164.54.1,862,PA
1868389104,38.94.70.31,344,PA
1412260149,241.10.85.142,553,ME
1629336318,216.159.128.111,150,FL
1693328390,232.137.193.108,137,CA
1383805580,232.57.212.10,724,ME
1507316623,132.205.199.58,706,NY
1472288601,129.188.212.135,398,CA
929427009,228.131.183.248,813,FL
1772454154,21.186.241.26,640,CO
905333058,239.34.45.165,394,PA
1797419323,111.67.121.179,556,ME
739859170,121.139.250.86,455,PA
1890955847,14.241.164.128,89,CT
1317670016,24.166.203.33,482,VT
1460285605,197.30.78.224,345,CT
1156511996,104.201.31.135,933,CO
1493161240,138.12.164.9,24,NY
1511180109,116.3.179.105,876,VT
1497199805,20.42.66.73,787,NJ
1701561742,241.241.149.75,315,NY
665230875,141.9.16.240,236,PA
1662919145,125.160.101.23,968,NJ
2071734547,45.42.64.184,765,FL
1841014417,77.66.2.14,476,NJ
1197475745,228.1.0.48,211,NJ
1037101412,245.194.237.186,626,VT
1017169730,179.154.157.189,557,PA
2066290527,88.36.7.104,971,VT
1804092032,118.3.83.16,188,CT
1230009615,182.209.55.190,670,CA
962999251,248.201.114.206,638,CO
1476878554,253.127.234.143,910,CO
1018696786,20.246.62.104,122,CA
1221252714,95.56.175.155,24,NY
1254555973,213.76.5.152,442,NJ
882071951,254.235.252.212,959,NY
2079645909,126.78.125.250,79,FL
762232137,123.128.116.146,963,FL
714869729,26.86.121.238,734,VT
1027217818,66.144.120.208,677,PA
852556946,157.3.194.41,760,NY
1323540038,62.110.152.240,912,ME
1025699058,27.186.142.74,9,ME
1419496717,186.69.245.161,569,ME
1403858962,51.184.37.240,357,ME
1878535111,167.42.253.187,455,PA
1670370684,251.191.162.173,425,PA
790443723,138.16.159.229,595,NY
1746158405,183.89.96.154,31,NY
942811589,85.140.120.9,351,NJ
1743909191,181.240.192.73,772,NY
853150516,183.104.181.143,243,PA
1154806185,48.190.0.83,869,PA
1803772856,142.193.46.247,397,FL
1105258738,154.199.142.176,802,PA
1567926701,4.2.64.76,577,FL
1995900536,2.49.209.131,741,NJ
1063020463,101.174.27.63,769,CT
1860717432,226.109.249.241,193,PA
1771363199,168.46.3.181,118,FL
2056852800,242.3.188.139,798,FL
1399961298,117.200.156.152,929,CT
1039647270,100.117.183.239,664,PA
929466358,220.173.11.143,745,VT
2029970532,223.17.113.229,855,FL
1155341137,132.68.108.16,978,FL
1810058093,47.176.161.100,935,ME
1750441225,111.184.142.9,180,TX
1386666686,176.71.110.117,777,ME
742968276,147.24.211.56,820,PA
2079306988,210.178.66.33,206,FL
895268864,4.106.126.234,455,PA
1552813806,216.181.119.44,458,NY
1485722713,200.17.226.151,479,CO
1183010194,45.42.69.166,451,NY
1979259699,138.228.3.59,731,CO
2047116630,159.124.102.116,821,NY
896293383,107.197.149.164,675,ME
661325978,190.126.20.52,763,TX
1843875360,14.120.158.104,415,CT
1472970148,120.19.174.208,669,VT
1424598441,149.196.145.122,995,PA
1680865165,90.137.38.13,802,CO
1706139587,49.9.54.43,630,NY
1558472751,164.46.204.144,700,FL
1101922979,169.182.149.48,428,VT
1087518581,241.96.58.140,801,PA
1776114782,121.189.105.186,845,VT
983666790,106.222.66.143,318,NJ
1856416332,137.98.177.32,769,VT
1755046011,217.45.139.73,701,PA
1870087332,191.119.69.16,788,PA
1078863523,76.232.2.212,862,NY
1132797692,5.4.223.179,143,VT
1585237685,88.91.19.93,528,ME
2063066248,212.65.245.171,954,PA
1225025356,123.129.82.252,525,FL
1917300271,18.170.115.193,892,NY
1971125691,28.131.232.159,604,PA
1188609704,54.13.26.244,413,PA
691079945,186.202.28.203,572,NJ
1460501805,161.145.10.138,213,NY
1002324455,241.130.131.64,642,CT
1043954014,83.241.74.0,405,VT
1620502645,210.85.173.54,950,VT
2113831717,79.204.91.189,980,CT
717150246,223.47.13.85,429,CT
1970499638,14.163.141.14,295,NJ
1143638376,11.62.163.5,502,VT
1599642508,164.46.80.148,504,NJ
1510118823,202.167.96.154,862,CA
2078632099,53.22.7.86,493,VT
772140535,111.144.79.145,887,NJ
869310339,166.125.64.138,836,ME
767634765,66.186.139.206,575,VT
1272864756,84.142.117.69,624,FL
1420193609,100.89.152.186,379,CO
958368731,156.16.62.100,307,CA
1701559728,127.60.197.71,473,CT
1306926175,146.146.154.16,246,TX
1323989510,156.204.109.40,76,ME
1772370254,119.64.130.4,710,TX
723718683,99.100.197.175,718,CA
1901064857,159.208.228.69,746,ME
1621360831,70.140.113.88,337,NY
1269525531,238.174.69.162,863,TX
837704138,173.194.145.177,348,CA
1995078027,1.127.80.138,254,TX
1771961201,70.98.229.82,753,NY
1793381814,165.97.157.100,196,TX
1088733392,228.210.104.75,415,CT
1361795480,206.152.172.91,924,TX
1577800871,214.171.155.222,348,FL
2052177208,117.236.203.250,364,CO
2023000318,78.114.197.56,56,NJ
716616103,15.80.137.189,685,PA
1890368987,86.165.244.30,409,TX
1792977533,129.205.146.84,692,CT
936031931,36.37.116.10,592,NJ
1563073930,68.106.200.11,54,PA
2101279896,238.159.41.5,624,TX
1787365263,35.44.244.46,344,NJ
1517766629,142.1.179.149,821,PA
1242894788,168.41.50.130,42,CO
996539731,205.158.55.65,6,NJ
1184111522,78.73.127.98,296,VT
1294221059,109.66.190.84,664,CA
2045469677,94.208.129.217,696,CT
1321700302,44.183.247.155,54,VT
1329756355,209.99.135.225,317,FL
808304622,107.206.21.154,724,TX
1948192237,70.31.196.186,977,NJ
1616563713,184.94.220.92,391,CT
694651851,123.205.30.2,412,CO
1749105493,206.108.113.139,903,NY
754034220,143.230.79.238,472,VT
1103459721,153.70.87.88,344,PA
906194885,126.140.202.67,52,CO
1284936019,51.22.223.6,340,CT
786604329,104.66.155.30,73,CO
676652686,30.13.43.5,646,CA
1051661307,50.28.224.30,741,NJ
1458837012,13.248.123.170,455,VT
2028355094,23.2.12.79,446,CT
1358871162,184.65.145.142,986,VT
1008612096,112.70.238.102,653,CT
642438557,98.184.197.86,691,NJ
967443346,11.198.17.44,352,NJ
1499429151,148.189.31.79,533,TX
1178284797,90.203.83.182,884,TX
1574307016,204.215.150.125,381,NJ
1520952796,165.251.87.38,575,CO
2033196003,85.199.88.222,612,FL
975836884,163.87.142.209,302,CO
843358055,149.190.95.140,370,FL
1305419399,140.177.185.56,439,ME
1685407955,215.88.44.36,374,PA
1939381229,209.240.40.125,503,PA
675255020,169.141.232.158,596,CA
1211542594,202.242.70.81,103,FL
869643297,206.195.150.168,666,NY
811300021,50.160.120.247,924,NY
1196523606,24.12.52.2,910,NJ
1710734092,142.200.242.156,150,CT
1539794559,160.68.175.28,698,CT
1539424496,122.147.252.38,176,VT
1325108587,92.106.30.123,644,ME
731788521,186.40.124.11,28,CA
1587064619,133.55.186.35,662,CO
1950256175,218.244.160.178,201,TX
717246084,183.210.111.94,616,FL
1720776475,245.247.51.175,396,FL
2087094210,164.73.252.160,419,PA
2042276232,142.185.85.92,99,FL
917137558,175.27.98.186,301,CT
1529118286,134.62.191.151,597,TX
1074500909,157.101.121.171,732,TX
1678437960,167.198.86.30,98,CO
1966240787,188.196.77.154,693,VT
1036502650,128.155.79.120,397,FL
957560761,32.27.114.234,380,ME
821934089,220.133.85.175,926,FL
1236834620,175.216.62.56,893,FL
842346818,32.97.193.150,411,CO
1240225944,143.208.30.139,386,CA
2044847415,108.182.108.212,268,ME
2057987559,57.225.139.192,393,FL
1928501735,13.120.11.54,835,FL
1027014157,64.253.137.197,307,TX
1786060552,186.237.229.67,332,CO
2007832424,215.147.238.191,123,CO
1972161882,80.131.55.151,826,NY
740979330,226.165.207.187,797,CO
1365028596,109.11.125.157,351,PA
1046337841,188.119.127.154,371,CT
1262708982,69.161.243.139,69,PA
1149912822,206.130.232.113,345,VT
1177318250,171.206.154.216,4,VT
867179267,76.152.225.190,986,NY
1047392945,72.74.22.12,554,NY
1706738636,15.78.64.114,38,CO
1783596952,73.103.84.248,632,NJ
784958019,110.180.53.44,679,CO
807146375,202.39.177.84,243,ME
1039408001,154.53.116.135,579,PA
1718826636,58.162.246.69,56,ME
751191843,202.103.39.85,474,CA
1615546006,208.77.86.253,112,CA
754034551,213.227.18.215,650,TX
1110703410,177.49.68.232,158,VT
2093597935,216.191.168.250,453,PA
1928142462,146.210.30.69,798,CA
808439316,45.134.186.154,402,TX
1989642606,112.93.49.200,784,PA
1127066555,152.61.236.65,496,PA
678533778,217.39.61.241,3,CO
1552819668,119.207.186.126,78,CO
1282202255,114.214.44.130,164,NY
1122662065,45.184.191.45,602,CT
768614686,143.199.55.71,857,NJ
996229557,87.245.191.95,140,TX
2091510012,27.1.185.220,100,FL
1936452882,52.28.190.217,264,PA
1085839515,195.186.184.5,814,VT
2004881810,141.215.217.147,219,TX
1574381611,70.200.226.234,958,NJ
1855382160,76.111.91.98,666,CA
1213879911,51.186.184.205,364,NJ
1532119303,1.232.15.164,718,CT
876312808,69.118.133.105,976,ME
1149295428,171.78.228.155,665,PA
1478174802,123.0.172.195,237,PA
680615745,21.33.127.167,208,CO
1211220106,21.14.179.115,135,VT
1539195176,166.232.200.210,641,CT
1986053030,215.154.139.167,524,VT
1371241155,4.22.224.57,460,NJ
716648730,69.105.231.185,634,VT
1601501000,83.74.166.58,528,NY
1911474226,131.36.55.129,702,NJ
1501997956,105.42.62.51,623,TX
1345985320,113.196.236.79,148,ME
2073326353,199.43.197.201,151,NJ
1654536210,49.154.137.102,948,NJ
1526373851,216.112.20.136,97,FL
1900137553,8.103.130.67,207,CA
2107920402,224.132.226.114,242,PA
1503607446,75.29.150.219,500,NY
1505028500,5.182.111.0,524,VT
1228073480,126.210.103.223,320,ME
2078137649,43.17.17.179,498,ME
1186258500,12.248.196.52,676,CT
631573240,144.159.66.124,290,ME
2083960237,68.234.76.77,865,NY
1207364231,250.161.174.68,342,ME
1717077399,48.251.201.103,565,CA
2035223900,27.12.186.138,235,NY
1693059149,98.179.116.182,392,NY
1780150759,97.95.18.117,342,CT
789489413,225.214.131.229,189,NJ
1047201544,79.161.210.249,456,NJ
650758532,125.167.203.199,296,FL
1165578398,189.56.191.252,562,CO
1609541496,86.217.205.149,926,CO
1256122299,186.69.230.121,627,CA
831109742,61.214.189.114,455,CT
1750050282,206.38.137.14,564,NJ
1341496224,35.125.5.246,424,FL
1774310814,189.220.28.134,973,ME
2018903485,180.170.123.114,460,FL
1878934530,52.164.202.232,158,CT
1455815585,121.6.45.208,81,ME
970550064,55.52.217.160,573,CO
1913710222,223.188.207.130,958,NJ
2101848346,141.112.22.100,113,PA
942140566,187.144.167.60,916,TX
2034576405,41.64.144.249,32,ME
1964442783,39.209.124.62,576,NY
1611085390,25.171.253.84,800,NJ
1675463948,96.81.85.204,107,ME
1687828356,235.4.21.186,112,TX
728115759,225.102.12.51,670,NJ
768878146,129.73.180.25,604,CT
1808856553,145.165.209.192,678,PA
1664598045,77.251.116.72,845,NY
895188547,85.237.87.246,32,NJ
775720496,16.142.104.242,659,TX
990949893,82.242.150.228,371,CT
971645532,22.157.118.28,251,FL
1662800926,91.127.202.215,904,CO
866412520,124.242.56.176,247,NJ
1431625885,106.33.253.137,839,TX
833996134,197.28.24.88,996,NJ
2004494622,82.27.197.18,897,CO
1738387196,78.67.225.249,47,VT
1633160156,111.76.136.105,766,FL
799135775,54.49.1.234,741,TX
2007256915,14.244.114.153,671,CO
1868794601,42.251.37.39,440,PA
1224593499,23.68.35.154,868,NJ
1361347300,81.109.21.166,566,VT
1864297578,235.173.253.43,621,CA
737884020,199.114.173.166,34,PA
1069586291,254.5.29.73,34,CT
1448819049,3.152.87.44,10,CO
890945391,5.200.137.112,751,NJ
1252567284,219.2.226.209,893,FL
1161967327,182.123.156.179,421,FL
1743247836,20.65.148.239,965,CA
1881938821,21.115.254.109,780,CT
1951356564,32.183.175.0,546,NJ
1604104225,92.207.184.169,244,CA
1432739697,92.43.108.174,509,ME
1695698782,41.36.183.120,445,VT
1584476820,81.41.148.214,89,TX
1682764351,212.62.64.149,187,TX
1318376028,39.138.247.20,235,PA
1695956398,111.187.161.198,877,CT
782392709,5.199.154.88,239,CA
1636377849,133.129.89.138,346,NJ
1101791403,19.74.172.5,520,FL
1878700861,76.85.176.100,693,FL
1919084586,99.191.96.235,107,NY
1889987248,11.115.172.241,307,NJ
912211787,70.177.248.18,603,NY
1273314572,192.0.12.139,444,NJ
1488560893,118.30.221.143,123,TX
1902588728,85.199.100.155,603,TX
1442437984,37.111.144.154,835,CO
1318892982,123.28.192.69,793,FL
1150578752,28.77.19.233,606,TX
1644959447,10.35.83.85,718,CT
979053081,226.9.143.39,895,PA
1463635764,48.97.77.194,387,CO
1674108988,172.227.138.56,877,CO
1413301802,146.227.58.130,152,VT
1094036280,207.220.116.144,345,PA
1006889440,86.241.110.251,935,PA
1173861481,230.4.216.33,739,ME
744791186,115.138.74.145,207,NY
1591350190,56.222.59.19,653,VT
1727186047,116.212.21.204,680,CA
1660831684,114.31.123.172,259,NJ
718418954,112.128.75.208,152,NJ
1732343165,254.157.218.145,712,TX
2102337525,98.37.44.39,174,NY
953128067,115.53.72.65,24,FL
1006423875,39.102.231.126,866,CT
2008143317,29.81.39.81,648,CT
2073452415,212.164.251.225,118,PA
1243439760,62.235.194.100,631,NJ
1891555647,46.77.72.23,339,PA
2098156734,111.63.64.91,323,VT
1374474149,57.46.107.233,162,CT
1931890918,226.195.129.131,435,CA
1052633148,57.25.118.73,788,NJ
1184696656,130.28.83.99,673,PA
1813336084,4.104.214.130,387,ME
1699216871,142.173.216.233,763,TX
1590292214,113.155.132.161,83,CO
1600850649,100.90.51.18,154,CA
797244521,34.78.141.208,652,ME
1595648801,147.17.156.38,558,NY
2070073033,26.63.34.129,923,NJ
1894083963,5.78.166.17,463,PA
1408011795,93.135.36.81,745,CT
1339861440,18.31.241.217,412,CA
1284346349,194.65.7.116,830,PA
1150559336,218.148.51.10,126,NJ
1351128520,78.156.52.142,171,CO
822713330,1.252.54.84,256,TX
1124078414,121.39.211.64,515,VT
1585071854,155.5.222.90,458,CO
1739336057,143.87.210.88,608,PA
1798010719,151.222.249.207,557,NY
1356076402,23.217.91.208,380,FL
1878423458,29.197.154.223,483,NJ
709975532,129.95.101.151,969,FL
1403116889,190.70.54.81,374,NJ
1577725729,179.119.168.82,281,NY
2090099674,217.55.85.136,386,NY
1506924611,57.202.93.211,460,NY
1795086965,57.209.12.129,772,CO
1849154051,165.185.178.200,683,NY
1515510768,207.157.160.93,576,FL
742763802,95.246.53.171,963,PA
992974188,28.173.212.15,473,PA
948850174,30.51.53.104,846,FL
851141884,240.244.131.230,21,NJ
1299268134,221.63.224.28,813,ME
1059278916,176.82.82.183,739,TX
1643889130,130.140.235.182,404,NJ
1164031344,196.12.32.158,891,CT
2098862428,96.105.114.19,458,ME
1515520462,47.175.52.78,996,CA
702017460,63.168.2.136,934,FL
993905436,128.119.23.79,880,CA
1405530541,174.87.217.126,426,CO
1578234871,59.12.120.26,904,CT
1700236034,78.165.93.12,237,CT
1861866974,213.169.15.68,912,FL
1675763581,10.80.196.17,743,NJ
1960595493,155.21.232.156,425,TX
1309328404,220.118.137.116,3,FL
1256018982,25.71.80.29,985,CT
1958720565,72.43.29.87,15,FL
1589637176,31.39.184.140,871,CT
1043946593,188.222.245.242,799,PA
1327258291,180.248.226.163,18,CT
1035904220,131.239.118.41,703,VT
2100300124,58.46.135.124,693,CA
1944545008,204.10.231.153,824,NJ
827335303,64.220.2.161,241,NY
1029442986,92.17.0.212,517,NJ
1180316567,108.189.183.113,379,NY
1764130912,90.86.94.252,52,NY
1337605656,197.51.58.108,576,TX
975398934,196.245.105.130,962,CA
773616162,206.14.137.142,564,CO
1729172593,188.56.160.228,37,CA
1512324074,11.138.10.104,111,NY
1321933518,241.195.36.111,624,PA
1316236299,135.190.79.109,380,PA
1101725881,79.67.147.168,296,NJ
824274652,174.116.19.237,765,CA
1756028302,22.253.194.254,583,NJ
1504452254,180.57.153.146,944,NJ
825083269,213.53.63.105,68,NJ
1565332464,77.9.59.151,185,CT
1980264947,109.44.90.216,970,NY
1594425507,253.216.9.26,248,NJ
1370881845,233.50.53.107,506,CO
1425015155,61.61.90.121,697,PA
1056706772,0.143.44.138,207,CT
790323960,16.120.11.155,867,CA
1662401617,61.23.97.137,69,NJ
1237768248,147.128.204.172,750,VT
702104428,91.4.118.183,752,NY
1117152611,137.112.238.56,583,FL
1413463094,203.221.60.231,806,CO
1868884105,182.159.175.79,394,FL
1186749589,252.91.44.175,989,TX
1316440976,208.99.223.50,733,VT
1435000722,100.135.55.15,472,NY
804074608,250.151.253.43,494,VT
1877128106,1.105.173.94,887,NY
775971450,232.98.166.225,756,NY
1528613607,115.106.41.233,164,CA
987812987,10.82.5.157,587,NY
2080549688,142.195.249.184,764,CT
967018212,211.100.127.7,334,NY
2053507099,38.202.147.82,968,PA
1985801640,226.57.88.132,546,CT
1001499703,230.90.153.47,817,PA
2035276359,252.212.6.218,609,CO
1324612206,233.38.75.18,594,FL
1313289782,47.210.110.238,865,CA
1100396832,169.28.8.121,382,VT
1385965031,34.125.68.138,794,FL
2031010512,54.15.176.7,679,NY
1579640210,203.157.171.90,298,CT
1801275303,126.74.130.108,329,ME
1847940637,63.12.194.193,452,CT
1635478457,212.234.248.71,585,CA
936694607,234.146.223.228,658,NJ
1740822058,50.164.81.11,691,TX
1765061113,168.161.34.138,659,CO
1183789193,36.225.174.25,349,PA
1702151493,39.16.175.185,432,CA
1982743949,250.137.237.150,771,FL
1981728002,102.126.206.122,924,CA
994453323,215.139.217.71,314,NY
1957784301,109.1.52.251,217,CO
1499782005,103.71.238.134,326,TX
2089689491,197.17.170.11,229,NY
1740190455,44.154.57.18,576,PA
1990961404,21.136.199.40,910,CT
1065286886,219.171.19.144,708,CT
766074972,22.61.125.122,63,CT
1964534134,9.134.162.173,24,CA
1668428320,4.162.224.44,873,CA
1945499579,44.229.15.89,115,CO
1085459026,254.6.172.21,621,CT
2048303927,191.195.128.2,757,NJ
1614803121,201.81.65.238,446,VT
1682878023,132.70.127.64,647,NJ
1613643938,222.48.1.26,47,FL
1360104338,108.89.109.30,136,CT
2039637100,63.77.76.86,785,TX
1969271253,164.113.212.244,36,ME
1056207662,31.197.142.203,522,VT
1568419314,165.48.218.129,787,ME
1874957264,141.22.182.141,61,CO
1949245135,60.223.184.0,790,CA
1736693090,56.110.44.120,226,NY
649047126,40.62.99.230,801,ME
693807050,170.6.24.105,621,VT
1579736901,150.20.205.44,997,VT
1233610143,17.209.206.199,633,NY
1321513148,85.157.78.161,149,CA
1996733159,144.24.92.175,91,CO
1555185640,62.238.0.41,382,VT
1771030876,193.115.64.132,590,FL
818433980,122.55.26.248,13,CT
1391685876,120.65.154.239,930,CT
1976461322,194.237.123.206,813,NY
1061083672,244.21.10.206,231,TX
1910424051,254.215.52.157,305,NJ
1322653660,96.33.205.210,932,NY
1639220719,101.39.179.208,211,NJ
1391857436,96.239.254.143,974,CA
1472432639,252.152.154.185,891,CO
1192693894,90.99.128.234,388,NJ
1758420920,196.146.219.57,352,CT
752924115,200.250.54.120,258,PA
649757526,252.94.215.16,66,CT
1481105529,23.177.95.58,912,CO
1486714538,155.170.63.217,902,CA
688315677,20.34.2.70,203,NY
994251111,118.191.44.199,69,NJ
908154072,142.44.15.193,405,ME
1681294832,212.117.152.128,472,CT
898433615,20.238.65.88,414,VT
1251777792,34.189.144.252,245,CA
1673836808,196.104.133.196,367,FL
631471168,9.129.1.241,149,CA
1293097596,166.108.71.186,891,PA
1659116868,35.7.141.97,26,NJ
841707808,5.120.48.183,364,VT
1131166868,56.185.189.253,528,TX
805506551,33.211.116.14,880,TX
1362246693,63.39.216.56,689,PA
1655979619,164.74.125.208,755,NJ
1158382420,237.204.248.12,853,CT
1722227137,98.222.27.34,682,TX
1306189890,225.75.9.146,387,PA
1791176703,129.159.131.56,3,NJ
1238831095,174.119.87.74,788,VT
1145767381,12.99.34.80,98,NY
946114309,184.174.51.246,745,NY
1774859563,195.161.148.153,378,CT
1116638802,80.224.152.224,965,NJ
1402382890,95.183.19.148,457,VT
1409295729,151.50.26.249,147,PA
1002279641,29.177.113.158,386,NY
1949318065,167.205.94.143,18,CA
1176970894,205.249.108.180,552,NJ
1546878042,7.4.63.11,817,TX
813521005,29.134.239.51,84,TX
695800351,219.210.106.243,204,PA
911368914,69.242.223.148,750,TX
958000288,72.239.226.15,100,NJ
1437895861,10.115.67.8,736,NY
1525676534,97.202.127.127,426,CO
1510885734,209.47.24.108,5,TX
1552882982,215.40.1.247,866,CT
742039522,230.50.97.93,400,NY
2062258320,30.152.106.8,536,CA
1066764322,250.74.226.217,482,CO
1400905820,26.129.158.11,723,FL
1958485294,152.204.216.14,56,CA
1888964103,216.87.98.71,956,VT
1803000459,217.236.219.205,42,NJ
1414815525,157.231.8.198,607,NJ
1697559034,182.156.40.95,393,NY
1423467263,218.166.73.10,613,PA
1638678234,219.88.99.107,104,TX
1954790792,114.213.227.76,842,NJ
1290757941,254.131.8.72,891,CA
1791980866,249.182.174.4,391,TX
1762736968,24.101.133.116,725,FL
1653815124,205.219.64.11,827,VT
1619075046,210.219.203.180,995,VT
1987979525,97.246.193.39,390,PA
1409992424,186.43.88.89,324,PA
763472963,72.190.226.199,432,ME
1922160117,190.78.0.65,875,CT
951292637,156.55.31.194,346,NJ
1410597729,155.150.85.51,28,ME
1478287511,192.126.86.240,840,NJ
817963877,82.163.249.127,129,CT
1025351801,7.62.230.102,50,PA
2045405800,85.76.160.160,732,TX
1468286039,49.178.80.8,187,CO
1655096824,34.11.149.14,366,ME
1675432908,120.10.151.115,663,TX
856298060,14.152.153.138,761,PA
1242020398,218.177.122.95,113,VT
1500897039,90.30.121.30,288,CO
648788424,90.44.19.126,371,CO
1931811051,161.104.78.133,511,CT
1592343469,254.151.73.46,139,NY
1081129883,131.218.131.154,279,ME
1814567991,47.106.223.170,716,CO
1883934502,35.198.215.69,900,FL
1818071334,50.77.150.187,702,CT
1832138426,181.77.250.101,948,NY
1909954199,185.10.31.4,533,VT
1961730943,131.115.250.162,546,CA
1540867332,82.145.227.80,325,CO
2039679017,117.3.27.9,841,CT
1639256591,41.205.149.48,500,CO
1060232517,117.174.100.192,779,PA
1882816673,239.48.234.171,514,FL
1911649252,94.242.2.127,853,NY
1159087238,114.210.155.167,356,ME
724927757,81.161.204.68,769,FL
2041370241,235.222.134.231,280,TX
1844236881,23.68.17.223,850,ME
1422265512,117.186.124.122,526,VT
841252811,110.9.55.211,420,VT
777008401,200.142.172.205,972,CA
1193747317,177.159.250.116,149,CO
866583488,107.209.226.7,372,NY
1550052681,173.149.48.137,623,NY
1969242022,169.109.124.28,10,ME
937495067,36.162.18.105,45,NY
1395247574,16.180.28.170,801,FL
1520740229,38.68.203.167,876,PA
1421032939,119.4.127.70,404,TX
711508866,21.231.110.24,300,VT
835713204,129.45.38.147,589,NJ
2076808663,205.96.98.220,700,VT
950190756,203.128.192.217,905,FL
656978936,73.211.12.160,865,CO
1100002132,194.242.116.253,441,PA
982224354,81.192.83.139,161,CT
2037437610,166.104.51.160,245,ME
1642667249,227.93.67.17,280,CA
1491414159,81.223.50.150,654,CO
2095745023,197.66.105.194,665,VT
1010847100,82.92.202.181,65,VT
993879863,92.97.61.197,467,ME
1133003524,209.141.35.98,972,FL
1578296180,114.112.33.184,275,ME
1378200240,65.172.96.172,305,TX
1260064535,93.79.118.84,89,VT
2015285689,195.9.249.78,892,TX
1554296800,206.169.164.7,781,CO
1346199966,138.24.8.223,502,NY
1964578867,214.145.184.33,190,CO
2078649795,208.248.254.250,528,FL
1239116367,228.123.140.200,702,NY
1722315102,210.120.202.154,26,CA
1217591238,219.203.207.8,42,PA
642112030,241.159.43.208,642,CA
698063857,100.201.32.146,33,NJ
1765487775,232.179.161.211,588,NY
1232062193,14.136.151.68,2,ME
2094648587,237.226.214.11,771,NJ
1374068289,122.140.220.115,325,CO
1556592456,83.227.251.107,309,TX
1450915590,146.73.105.108,84,NY
1550354628,65.169.152.19,216,NJ
1497929825,129.188.21.69,390,TX
1724195351,163.56.155.250,97,NJ
631853798,70.197.238.72,467,FL
1552552201,34.30.241.150,40,NY
850270704,211.230.137.164,411,CA
2005151142,37.193.119.195,549,ME
2112692119,138.205.243.120,335,FL
945487859,18.34.179.242,337,NY
1727488411,117.136.12.238,319,VT
1251080499,68.207.106.60,735,FL
1580372035,140.164.203.238,707,NY
1695538694,201.28.90.25,433,VT
849152434,35.224.249.245,204,NJ
1646173204,249.133.218.220,759,NY
1555156700,199.124.149.14,768,TX
1288000598,237.107.89.191,428,CO
916078008,218.146.253.101,167,TX
993358378,123.17.246.190,807,CA
820902434,173.168.138.188,796,PA
1032238911,129.171.54.161,10,NJ
1571570831,213.25.165.153,510,PA
1706136666,11.55.20.203,195,NJ
1593403597,209.235.244.44,730,CO
780252175,54.130.21.5,466,ME
1445467792,22.247.253.176,515,ME
720985109,67.169.148.80,76,FL
786375729,5.227.6.206,251,NJ
899290810,29.31.132.111,405,CA
1880941401,140.104.69.19,616,NY
653761935,13.20.84.11,830,PA
1464864505,199.159.224.28,907,NJ
1585365409,145.176.133.169,526,CO
821186315,72.149.122.182,669,ME
1837416841,163.45.92.93,950,VT
1990643641,240.73.111.189,840,CA
1066376010,247.11.140.99,931,CT
1101461904,96.147.130.211,905,NJ
1158610746,245.64.218.83,682,ME
752659548,98.214.96.25,716,NY
1727622140,109.86.202.189,706,CO
1584704297,173.33.230.48,891,FL
1905752706,170.174.54.125,187,CA
1996188882,9.165.198.11,957,ME
1955375774,48.237.140.181,956,ME
1411620791,169.187.31.16,187,NY
746128052,54.118.34.250,844,TX
1748897771,188.246.176.56,78,CO
1244429421,223.42.141.232,51,VT
2081026609,20.173.202.192,123,NJ
866674715,69.94.147.193,756,CO
1572195090,18.141.193.252,298,CT
991231501,40.96.107.131,451,NJ
1364874313,14.162.4.102,478,NJ
1944890448,73.174.22.121,615,CT
1216251217,20.82.183.103,109,CT
2067183614,152.59.195.119,861,FL
966997646,126.37.205.13,928,CO
1861039633,63.203.94.125,262,VT
1958570503,117.54.166.119,898,NJ
957668961,92.230.114.127,512,FL
1161796072,147.234.202.171,618,VT
1054755353,1.168.141.248,713,CT
1985193717,21.181.212.113,432,FL
931742070,119.106.107.252,850,PA
1982484310,101.137.11.179,426,CO
1884843782,81.138.122.194,952,ME
1946187423,160.245.104.49,512,CT
778828242,141.157.204.181,680,NJ
1731492165,106.151.85.0,87,CO
988697780,121.204.165.45,423,ME
1841818960,15.3.165.78,876,CT
1458811328,195.254.159.127,22,VT
1409976427,170.57.120.167,543,FL
2078471296,176.67.206.200,366,NJ
1459798454,75.163.41.150,155,NJ
710472773,117.4.250.230,243,TX
1758036722,170.252.77.125,33,VT
1990820171,126.1.154.49,165,ME
1213114905,113.0.136.178,38,CA
867984167,58.86.57.168,41,ME
1624112281,199.190.190.79,940,ME
1470237097,90.248.211.64,121,VT
1245157455,167.126.116.7,485,NJ
1466164968,51.57.143.189,173,TX
1551010692,142.110.79.9,854,CO
1349754038,253.77.42.97,46,CT
1730685555,92.19.18.184,303,ME
1228523063,80.144.35.168,445,NY
1876189017,61.144.235.16,775,NJ
1586220757,69.132.83.225,166,NY
896866362,170.63.213.189,105,NY
1122520839,67.159.174.165,911,CO
1360885315,107.228.106.159,635,PA
1641714604,186.4.242.168,684,ME
679106123,119.251.153.169,705,TX
1552987985,3.159.246.250,439,PA
1966231670,207.236.204.176,110,PA
1823550206,21.67.88.95,322,CT
1273294461,4.141.65.190,416,CO
1594630346,105.175.146.250,710,NY
926223899,148.215.144.139,134,FL
860738072,249.163.7.116,46,NY
1416418805,44.47.201.195,233,CT
1832130342,46.114.10.208,665,NY
1449328705,238.233.241.81,313,ME
1401654636,179.138.233.71,470,NJ
2046932991,253.120.208.177,677,CO
1128209061,95.8.62.185,854,CA
1742664820,214.195.65.96,998,TX
1366227319,224.26.94.220,151,NY
1830757644,219.184.178.15,443,ME
1899566498,29.173.87.53,262,NY
1678517270,58.89.128.213,14,NY
1344258311,87.128.78.11,123,CO
1425740545,106.62.79.78,368,CA
1262255564,102.191.250.159,54,CO
1374687646,151.90.28.108,357,VT
1180381420,222.159.193.62,735,CO
660670183,190.186.121.227,434,PA
1043821354,135.124.142.231,320,PA
1456390813,162.23.184.17,212,CO
734969658,199.143.117.114,557,TX
1372811018,185.116.113.161,462,ME
1383304077,18.126.157.18,986,CT
2096528827,176.43.58.216,315,CT
1632166644,41.90.90.80,353,CT
1531504201,150.27.82.83,214,FL
981895515,20.44.98.254,213,VT
1029585719,184.147.150.36,473,NJ
1806674501,174.85.205.93,682,CA
915962506,222.176.208.142,560,VT
703913055,205.23.60.209,783,VT
1140575247,168.211.228.108,650,ME
2073895329,87.215.234.111,277,PA
657034372,226.34.38.181,826,CA
1787785615,30.10.73.174,15,TX
1408189703,22.244.158.231,888,TX
1662062915,49.122.121.104,50,ME
874033180,197.76.110.28,199,CT
2057149457,150.53.17.242,77,FL
993265036,193.251.152.37,886,FL
1231235776,85.152.12.222,432,TX
1007468675,210.133.210.108,411,CT
1597651802,219.24.148.193,279,VT
1264819373,32.182.113.95,922,PA
1876184642,97.202.139.0,124,NY
670247090,11.244.50.226,682,NY
1270539237,36.23.111.40,972,CA
1040649026,64.102.209.176,643,CA
703976706,142.222.49.163,788,NY
1076317405,93.230.177.132,403,TX
2062148349,231.181.154.138,193,TX
719307451,206.129.106.246,171,PA
1281883129,25.183.93.94,856,FL
1856822133,173.90.113.199,624,FL
1072019453,42.253.96.16,114,PA
1815146898,172.219.254.76,724,NJ
1646807789,226.36.172.231,622,NJ
1714443260,57.186.90.177,862,NY
1094309688,109.158.44.184,96,CA
1679613360,91.157.246.57,676,NJ
2105355713,50.132.155.106,528,CA
1014817409,101.204.77.201,982,NJ
1898460368,242.25.129.51,692,CA
1574439859,167.173.173.153,881,ME
1046936803,125.134.144.63,524,TX
964774501,137.49.135.38,611,CA
1454555057,103.159.97.235,720,CO
907955490,204.234.208.134,214,FL
899461856,98.129.14.109,460,CO
713453476,75.89.30.174,1,ME
799252759,239.155.251.77,51,FL
1664976935,83.101.17.124,921,CO
1241137572,23.22.13.28,304,CT
906218550,115.148.19.235,585,ME
2084331431,29.56.25.116,762,ME
1308165910,226.109.176.218,657,CO
930898291,150.254.170.192,565,VT
1796002284,180.56.59.40,12,ME
899377075,161.127.113.175,494,ME
1576244656,7.60.244.131,404,NY
677496251,163.239.168.111,340,VT
1308163625,238.71.144.209,454,CO
1188956330,162.44.250.144,614,CO
1866905528,137.101.230.13,248,CT
1276995052,73.227.0.114,589,VT
1867794940,102.117.136.12,95,PA
1550780094,75.20.160.64,216,CA
1837075108,198.129.91.56,254,NY
1291036227,137.241.69.41,473,CO
1446799913,93.53.247.12,291,CO
698615520,152.39.17.91,828,VT
1660551886,80.6.71.74,585,FL
895721547,223.191.19.78,106,FL
1021711369,100.42.253.51,192,FL
1748441814,244.179.21.183,763,PA
1426268403,43.129.214.24,725,CT
1748697804,212.132.5.161,582,CT
829153476,32.111.68.220,110,VT
1177359220,108.63.42.222,487,VT
1522778113,125.144.47.16,132,FL
842530250,3.108.116.190,688,ME
1515807397,49.129.51.73,517,PA
2027606828,178.106.115.112,95,CA
989086100,159.195.44.183,152,CT
1702686918,224.231.226.9,214,FL
1079551139,138.144.151.58,777,ME
1160219265,245.167.26.68,613,CA
1752201777,187.204.242.97,736,NJ
702966298,170.186.251.190,728,PA
1793541012,197.223.189.82,648,VT
1540007459,216.105.31.230,84,NJ
693951460,246.193.140.170,41,NJ
1472703786,211.87.186.190,990,NJ
1293224737,144.157.229.139,247,PA
1358471965,0.97.121.155,62,CT
1785154883,92.128.93.91,548,NY
1923620638,232.147.127.20,931,CT
1683364559,93.167.73.189,295,NY
1954335847,228.143.11.149,234,CA
1117163735,230.198.203.240,921,CT
1763396309,166.170.187.167,647,VT
1931502482,108.226.1.112,289,PA
1132441524,30.246.112.118,744,PA
748975462,11.16.100.49,125,FL
1738522182,153.32.9.243,275,CO
2035426386,154.32.103.220,487,ME
1144652612,109.233.23.227,620,VT
1022805166,139.167.150.42,724,NJ
920172916,176.87.161.133,81,NJ
1752736816,62.158.88.155,679,NJ
2111488017,171.56.177.9,696,CA
1881475366,249.38.193.98,677,CA
1282457681,39.178.7.130,674,VT
878599127,21.47.219.5,495,NJ
2053506351,231.91.134.112,386,NY
984480671,248.111.195.238,967,NY
958390593,182.46.221.174,908,PA
1288931696,184.254.166.235,745,PA
1432352740,140.57.227.171,851,CA
798438658,248.181.198.6,964,VT
1293513464,68.77.75.4,316,CA
1928783336,92.156.214.67,35,TX
830028314,190.230.23.143,858,CA
1303935081,27.52.221.28,620,ME
934300352,200.128.156.154,163,FL
1954897166,133.37.85.251,182,CA
754095848,60.96.158.246,38,PA
1690114877,226.137.116.19,725,CO
963441292,41.150.71.86,644,NJ
1077214776,154.199.42.27,662,CT
1945532190,1.231.151.202,714,PA
1175159549,236.174.15.253,522,CT
1164635177,115.23.175.60,767,PA
1154582390,62.127.69.164,786,NY
1930732558,178.123.39.131,804,CA
632742289,174.66.30.22,28,CO
1459561061,125.160.73.10,66,VT
1332118797,151.183.175.18,820,TX
1161866524,151.158.3.5,924,CA
1407790726,28.153.184.161,412,ME
1076385573,54.179.11.158,529,CA
1346229051,24.230.92.180,224,CA
1821315389,221.188.213.78,484,CO
1727001034,169.206.185.222,267,VT
1079421337,129.8.118.98,319,TX
1334717537,178.177.57.10,527,CO
2018489846,13.198.237.62,346,NY
1758526403,157.131.235.129,21,TX
1358862201,36.44.225.209,361,NJ
1246614339,74.196.55.160,215,CT
691295737,195.205.213.102,394,NJ
1080166802,131.136.245.81,748,NY
1549342237,9.72.135.150,667,TX
1109229979,5.34.61.75,371,ME
1707380592,91.59.99.98,628,VT
1033006026,65.48.93.85,501,CT
2031233203,106.121.208.252,693,TX
1667575779,240.207.132.152,255,VT
1520612523,61.135.203.200,520,ME
1278795153,74.228.219.109,228,VT
1155176993,29.193.196.148,766,PA
899912500,144.44.73.149,251,ME
1782792187,195.113.150.218,955,CT
959830464,121.176.29.25,106,ME
1769515344,108.154.176.149,64,NY
1899597382,197.62.105.123,220,CA
1500755932,3.212.57.116,809,NY
1808211879,171.203.237.247,920,ME
1625003412,92.127.245.254,779,TX
1763776121,52.164.101.249,636,ME
1679140062,224.64.153.90,281,NY
903965303,151.19.11.41,252,CO
1002291651,120.101.113.5,312,PA
723177229,152.91.15.16,242,FL
1885034429,118.137.142.158,58,ME
1843765111,122.1.90.203,470,PA
1086016719,56.121.120.48,802,CA
870996836,99.230.224.128,419,ME
1029677818,57.79.111.142,901,NJ
815769068,20.247.97.93,355,PA
2070828739,122.121.17.113,897,TX
1284957394,148.199.33.34,527,CA
1763385525,112.107.178.176,950,VT
1674673532,5.161.142.141,374,PA
641069462,173.50.243.36,510,CT
1926513503,39.164.51.57,793,CA
1627440178,46.140.106.188,290,NJ
1820399064,73.43.18.130,326,VT
877705492,200.223.66.180,592,FL
1204399741,160.74.23.127,3,CA
2113398569,4.70.56.142,555,PA
1525900741,144.5.251.99,816,CO
1500466001,18.135.109.214,190,CA
1503180814,191.156.223.133,346,TX
641462495,31.194.26.24,900,CT
1170987665,23.190.109.140,24,CA
699547384,136.70.154.15,178,TX
1919935569,64.11.159.97,832,TX
1372597108,240.76.42.83,248,CA
1743416926,134.222.175.220,962,VT
1737437543,109.146.16.150,575,CT
936289277,142.200.102.45,416,NJ
1985127643,72.230.96.7,780,CO
1836063908,43.0.149.238,736,NJ
1106510682,65.149.72.191,373,NY
711636736,124.104.50.30,725,ME
1703627810,248.42.120.88,181,TX
1598239444,58.114.212.159,793,NY
1267235128,106.133.78.114,650,PA
1403528169,248.221.73.54,93,PA
1482641283,251.47.158.173,630,CA
942286128,227.80.121.46,305,ME
1186247200,177.75.149.62,36,CT
668434151,34.237.6.147,456,TX
1992348292,104.237.90.14,888,TX
1776823478,203.50.110.241,204,FL
1234609535,180.222.169.165,121,CO
740550989,138.102.5.196,749,CT
1081279410,87.74.193.240,962,VT
2081919890,225.31.179.34,483,NY
1842186392,90.56.101.204,279,FL
1473743204,225.18.38.23,124,ME
1629246838,10.196.104.73,891,CT
1192525131,243.141.39.235,115,CT
1015268798,86.117.233.218,659,VT
1276204164,11.248.66.40,81,CT
771215558,234.159.103.204,797,CA
1693435430,94.139.222.143,211,NJ
1205273517,232.75.65.158,705,TX
2022303471,74.58.220.56,106,ME
1440621380,61.86.160.67,110,TX
1931534692,164.106.2.123,414,NJ
1281380308,25.106.84.254,989,ME
1824543619,69.236.11.216,740,PA
1531494409,151.54.73.85,437,NY
2023746684,43.213.44.40,985,CT
928250682,9.212.190.64,761,CT
988022729,31.178.140.146,270,ME
1615270170,97.198.110.250,68,CA
1161240173,78.134.21.115,126,NY
1786730411,14.187.239.217,150,CA
2048689746,146.61.135.117,272,CT
2033756650,33.109.252.135,111,NJ
1021742262,160.60.152.47,840,PA
1145852111,58.104.174.152,983,PA
1873134124,167.133.130.150,530,VT
1795211868,137.137.126.105,493,NY
1653067994,214.131.101.214,771,PA
1451587237,18.3.209.0,194,NY
875218774,124.148.2.171,657,CT
2008415927,192.20.249.82,84,FL
802158058,240.173.132.52,505,VT
877247645,185.148.234.56,815,VT
1688556010,195.152.15.50,422,NY
739480191,225.205.111.230,547,NJ
1284905858,102.72.100.193,787,TX
901456095,169.57.153.75,543,VT
717847939,95.5.201.53,795,FL
2036988411,17.30.73.226,557,CA
1464397204,72.109.164.137,770,NY
1750809232,236.56.114.21,188,CT
2111725346,240.156.191.59,507,NJ
896727023,203.168.173.213,987,FL
1160975117,112.237.32.205,675,NY
1650824696,148.44.49.86,109,CT
1834919543,189.107.121.32,604,FL
641143964,57.68.143.237,365,TX
1112334777,22.86.143.131,912,TX
1860166800,33.238.218.184,155,NJ
1295010872,151.144.64.125,509,ME
827358282,149.66.61.115,866,NY
1299459537,240.174.193.143,608,NJ
1518724100,9.213.220.72,241,PA
1394251462,60.88.58.245,457,NJ
781015869,66.174.128.239,887,VT
695616028,58.42.87.213,56,NY
1301283114,19.18.219.230,491,NJ
891426011,184.220.219.91,620,CO
1302343237,179.109.4.254,117,FL
1807282364,45.112.149.8,359,CO
1414931516,239.141.28.133,990,CO
1730605773,15.102.188.62,690,TX
1452316009,121.114.13.241,790,NY
1155560250,216.7.127.134,32,PA
1477662226,235.144.199.162,619,CO
1983758697,135.112.70.174,916,CA
1634708745,244.195.148.11,906,CO
2028032489,122.68.167.36,374,VT
1359770732,191.200.4.177,194,CO
1986523837,180.179.212.169,16,PA
1352984296,176.154.163.212,797,NY
1344847648,106.194.211.225,320,CO
1235288669,96.46.231.69,413,ME
1479654203,166.121.47.118,977,NY
1274422709,76.158.155.165,237,CA
918173024,191.224.253.135,671,TX
2067009209,51.41.1.206,54,CT
899947643,13.65.141.215,610,CA
1862554306,71.205.253.50,520,ME
914961021,205.93.18.207,974,PA
922706499,141.249.149.227,239,FL
857913015,44.120.235.80,567,TX
1320092131,66.250.231.236,231,NJ
1225856119,137.149.99.22,819,NJ
1430957104,190.251.164.89,486,FL
1871618750,80.252.208.66,110,NJ
1274901547,191.174.203.76,898,VT
1091687601,134.67.119.138,742,PA
1251979750,24.217.82.124,610,ME
